A	C	G	T
0.20177131760136527	0.21485905961278173	0.2663626199023127	0.3170070028835403
0.2027550936236905	0.21513416056845902	0.2637312782078929	0.31837946759995756
0.2027973253131661	0.21433118229333956	0.2665109352644027	0.3163605571290916
0.20433482019546653	0.2156831631963422	0.26333915148950676	0.3166428651186845
0.20209935123806383	0.21767670226419092	0.26370818664563	0.3165157598521152
0.20403513716647878	0.2147453964674934	0.2652726888387824	0.31594677752724537
0.20281751549574603	0.21451886592349934	0.26491244608894443	0.31775117249181023
0.20269841456391693	0.21577914369997767	0.26525203615123344	0.31627040558487196
0.20407036179688143	0.21552706720092124	0.2641152485811311	0.3162873224210662
0.2023401725700698	0.21633647632164424	0.26359313015738484	0.3177302209509011
0.20205477438059785	0.21398116946889903	0.26539757590727053	0.3185664802432326
0.2023831907492714	0.21505711196766006	0.26478917927987217	0.3177705180031964
0.20281275302456025	0.2157324070923151	0.26374400075100624	0.31771083913211845
0.20338207873535585	0.2165984543759455	0.26250395787646735	0.3175155090122313
0.20329220047991606	0.21604476071999199	0.2643370496365255	0.31632598916356647
0.20295185579690103	0.21565142678915064	0.2642134563665574	0.3171832610473909
0.20275296305450607	0.21499358544307523	0.26522721655308784	0.3170262349493309
0.2020066222055232	0.21602597219613	0.2642894044711629	0.3176780011271839
0.20501082512845623	0.214573513535835	0.26386176871390393	0.31655389262180483
0.20262001560510862	0.21469344174777216	0.2644361921188335	0.3182503505282857
0.20230512053492875	0.21571939703208398	0.2650126107103056	0.31696287172268167
0.20186798987532967	0.21624667378619009	0.26403794981326	0.3178473865252202
0.2030626651279137	0.21515984089138318	0.26293929150971584	0.31883820247098726
0.2041717113537785	0.21585579443536726	0.2653368283709285	0.3146356658399257
0.20321053932822378	0.2167378942535231	0.2624589411224526	0.3175926252958005
0.20185279768928654	0.21593664324251338	0.2642467578975795	0.3179638011706206
0.20320830467725912	0.21477654140288382	0.2660635665203003	0.3159515873995568
0.20345048825998152	0.21538180812177363	0.262695053829265	0.3184726497889799
0.20223642923458415	0.2155927183838479	0.2656273871502274	0.3165434652313406
0.2035876441254383	0.2158871313531198	0.26524954332133144	0.3152756812001104
0.20349691188702285	0.215353849965491	0.263990891983884	0.31715834616360217
0.20201025761952485	0.21496787124918942	0.2648706007192124	0.31815127041207336
0.2020159819232444	0.21640324345953324	0.2653434701251015	0.31623730449212084
0.2028877256954655	0.2150620478739046	0.265235546668235	0.31681467976239486
0.2024329639530365	0.21559876114323398	0.2648350742489725	0.317133200654757
0.20300668086129733	0.2163860001055799	0.26460668555373723	0.3160006334793855
0.20399079138723866	0.21403548024328636	0.2652539728334148	0.3167197555360602
0.20361277879374115	0.21493799356708984	0.2663483532573223	0.31510087438184675
0.20365547555356533	0.21436736233045406	0.26311292850493173	0.31886423361104893
0.20163790066924975	0.21545732065281203	0.26575085123869907	0.31715392743923915
0.20183426870448154	0.2153412633981622	0.2642923534879343	0.318532114409422
0.2024195633269877	0.21422360102470092	0.26525887799948294	0.3180979576488284
0.20420253253564125	0.2158221951376722	0.26279305515677465	0.3171822171699119
0.20314660422096834	0.21469631268349798	0.2646548325792388	0.31750225051629494
0.2018378868422137	0.21626665253813232	0.2635501474665772	0.3183453131530768
0.20267331086032536	0.21469148468415652	0.2661527187454199	0.3164824857100982
0.20231714866896613	0.21481678016567907	0.2650806285192064	0.3177854426461484
0.2025484829757806	0.2156734645831494	0.26391218622171214	0.31786586621935786
0.201758608140313	0.21513600450804757	0.26394970709430504	0.3191556802573344
0.19997299566169435	0.2153772095125717	0.26547612757788697	0.319173667247847
0.20151562289048422	0.21722362775080858	0.26486419854542465	0.31639655081328255
0.20290897513751893	0.21386921993007613	0.2665125904264414	0.31670921450596357
0.20137748157882385	0.215950157225325	0.263986013986014	0.31868634720983713
0.20365524524759446	0.21568293827739968	0.26408706876320115	0.3165747477118047
0.20229958141260002	0.21525754016613977	0.26475800231959823	0.31768487610166196
0.2028650538517493	0.21611680784663398	0.26641950395382125	0.3145986343477955
0.20383975848202177	0.21626944349446325	0.2637947097185042	0.3160960883050108
0.2022604191193784	0.21621144337179185	0.2642100306098422	0.31731810689898754
0.20299647473560517	0.2164512338425382	0.2633254994124559	0.3172267920094007
0.20348768635591621	0.21523518588412907	0.2645723249669749	0.3167048027929798
0.2017799438470096	0.2153178765458259	0.266809109262889	0.31609307034427553
0.20324570404179787	0.21438512071141302	0.26610173489485667	0.31626744035193244
0.20251629350085074	0.21728200267289952	0.2651410337173909	0.31506067010885885
0.20410250983297176	0.2156375116849216	0.26511690800806625	0.3151430704740404
0.2016153279292557	0.21556963890935887	0.2657391304347826	0.3170759027266028
0.2029652411752967	0.21435195511052155	0.2643008909810182	0.3183819127331635
0.20176862535967324	0.21474323286900568	0.26586810907109076	0.3176200327002303
0.20216053008764304	0.21674028995042177	0.26376324631687775	0.31733593364505747
0.20254498775202562	0.21489306576220088	0.26374952892406256	0.31881241756171097
0.2027781361040423	0.21536711503054895	0.2646793240533346	0.31717542481207417
0.20174288351963685	0.21543780834161458	0.2641726889446852	0.3186466191940634
0.2027479892761394	0.21513569446404215	0.2655684116457363	0.3165479046140821
0.20175572788571294	0.21861871756551618	0.2637063274456042	0.31591922710316667
0.20417950545857316	0.21431306817177567	0.26507514743744587	0.31643227893220527
0.20317268060937105	0.21473803042151496	0.265079934382662	0.317009354586452
0.20227055815433198	0.21502550990349834	0.2659039225158774	0.3168000094262923
0.2010829856937472	0.2156484951330458	0.2649720709891819	0.3182964481840251
0.20153356057094918	0.21651716308894534	0.26548667374584195	0.3164626025942635
0.20379066145573155	0.2143810055537598	0.26511709911551234	0.31671123387499633
0.20188373077465782	0.21614693570387095	0.2656683599078124	0.31630097361365883
0.20158852678282083	0.21614216607646847	0.26438129356517026	0.3178880135755405
0.2032752518858314	0.21459907313080398	0.26561809927039964	0.316507575712965
0.20169449699761455	0.21490851831396374	0.2641511651135736	0.3192458195748481
0.2024386385342388	0.21626071518553458	0.263967094199884	0.31733355208034264
0.20432007160860247	0.21464914140343438	0.2644924975855652	0.3165382894023979
0.20207534294924587	0.2157933127838302	0.2670651074142921	0.31506623685263185
0.2032882967705489	0.21402174936446663	0.26724766971095	0.31544228415403447
0.20375086008668497	0.2161537511541334	0.2639716303714986	0.316123758387683
0.2016429379596455	0.21431265321516124	0.2653922308127475	0.3186521780124458
0.20301946294509426	0.21493963427549365	0.2652385210985856	0.31680238168082653
0.20393006161686902	0.2152470854102789	0.2652114806292336	0.3156113723436185
0.20184445488721806	0.21678806390977443	0.2636160714285714	0.3177514097744361
0.2052125147579693	0.21535419126328217	0.2621074380165289	0.31732585596221957
0.20091894439208294	0.21761899151743638	0.2641965127238454	0.31726555136663526
0.20346607626307414	0.2150940515271995	0.2643074013824371	0.31713247082728935
0.20368550802233426	0.2146408335931938	0.2657048887110724	0.3159687696733995
0.20290511601637878	0.21573045606438557	0.26538452487409986	0.3159799030451358
0.2023241043494625	0.2166733316082896	0.26463150713932865	0.3163710569029192
0.20185723941344147	0.2149108113667754	0.26495636075112405	0.3182755884686591
0.2027540081809206	0.21625957966994216	0.263781795100851	0.31720461704828623
0.2014928445806448	0.21790942938986302	0.2636005905500232	0.31699713547946895
0.20306933083641032	0.21598972963741617	0.2632545978128368	0.31768634171333676
0.20240137221269297	0.21509902294241273	0.2642387556419368	0.3182608492029575
0.20049661876584954	0.21698013524936602	0.26550319338780876	0.3170200525969757
0.20258646084958462	0.2160254521887704	0.2628998998409238	0.31848818712072113
0.20281587213653857	0.21712507587767635	0.2652978235630389	0.31476122842274623
0.2016760073465579	0.2164518015012018	0.26572216546290994	0.31615002568933037
0.2029245827493198	0.21581017891426485	0.26307110634739284	0.3181941319890225
0.20176781655222772	0.21683135666081713	0.2648368214634836	0.31656400532347156
0.20213581018163815	0.2182074281875081	0.2648487134454673	0.31480804818538644
0.20234064391302808	0.2152826115168175	0.2644786050517325	0.31789813951842194
0.20139510769665833	0.21671890465193006	0.26375076589527263	0.31813522175613895
0.20260823038976464	0.21724277827101843	0.26347477907065625	0.3166742122685607
0.20255110153172093	0.21447037553957682	0.266187304559829	0.31679121836887325
0.20319369971217854	0.21520686062732125	0.26436017116252786	0.3172392684979723
0.20272475070239196	0.2149702256489395	0.2654894361427048	0.3168155875059637
0.20266081647777065	0.21531204601730355	0.2659581350758427	0.31606900242908315
0.20401544856864884	0.21568442465874585	0.26418821309590496	0.3161119136767004
0.20198613122358397	0.21572540293622483	0.26491364390915834	0.31737482193103284
0.2033145778843145	0.2159553175535652	0.26482969540599743	0.3159004091561229
0.2014111572196548	0.21582924643968687	0.2654201641044987	0.31733943223615957
0.20393493797749118	0.21504265881165577	0.2645022356268557	0.31652016758399737
0.2021843131947346	0.21508894367979098	0.2661719793572988	0.31655476376817565
0.20268167055272013	0.21749957419817112	0.26460793929534204	0.3152108159537667
0.20374370897960384	0.2161579892280072	0.26305441916590633	0.31704388262648264
0.20200585729185694	0.21636623984254846	0.26393169242735837	0.3176962104382362
0.20417872669533732	0.2138521391658952	0.2657112389702005	0.31625789516856695
0.20286062834815508	0.2167158760747983	0.2646228555600738	0.31580064001697283
0.20333995742497774	0.21670804266937135	0.2648024860982528	0.31514951380739814
0.20253022574855956	0.2142308963823557	0.2663289883819779	0.31690988948710686
0.2031382477626001	0.21589731512011304	0.26471384832783795	0.3162505887894489
0.20331280025936516	0.21407055910872705	0.26441687052374074	0.3181997701081671
0.2031150592615283	0.21655199227125993	0.26438535309503053	0.31594759537218126
0.20168077124667996	0.21605036424562582	0.2654252280583971	0.31684363644929714
0.20182714480681443	0.21578662525295308	0.26397124570568026	0.3184149842345522
0.20069524641385333	0.21605984043332727	0.2654657154413877	0.3177791977114317
0.2024085469884338	0.21538669710197791	0.2624104295850051	0.31979432632458316
0.202465698712527	0.21579856216521004	0.2644312094727939	0.31730452964946904
0.2027299619499056	0.21376272502190674	0.2669034750851275	0.31660383794306013
0.2028662364174398	0.21700915995505327	0.2636325663758464	0.3164920372516605
0.20264906122641288	0.21522297345049354	0.26308040236519115	0.31904756295790243
0.20421873531898901	0.21505919383632435	0.2621558771023208	0.3185661937423659
0.2026745040411462	0.21595885378398236	0.2644819985304923	0.3168846436443791
0.20342311514061112	0.21676397438837247	0.263865615390495	0.3159472950805214
0.20333510105474045	0.2162630369453774	0.2644746921218549	0.3159271698780272
0.20424128904934383	0.2148711009743502	0.26360042779231985	0.31728718218398616
0.2052858817362007	0.21437448828730127	0.26457681727954385	0.31576281269695416
0.20281670213581243	0.21620458524680042	0.26547034445354917	0.315508368163838
0.20232755271430086	0.2162022157077432	0.26533747748384134	0.3161327540941146
0.2035844696501967	0.21491529808840046	0.26373723297288715	0.3177629992885157
0.20506525847300472	0.21520872703296184	0.26346526318268254	0.3162607513113509
0.20190550308347188	0.21437499263032533	0.2669885740563869	0.3167309302298159
0.20266958193006895	0.21497128818201588	0.26534774507902364	0.31701138480889157
0.20120517342739566	0.21603174603174602	0.2642445620223398	0.31851851851851853
0.20308687343818904	0.21302366602969278	0.26788769660443923	0.316001763927679
0.20280973477325875	0.2164823671809817	0.2624358085478924	0.3182720894978671
0.20191340856035705	0.21393836401804037	0.2646195821548485	0.31952864526675406
0.2024282936743361	0.21808238811581093	0.2633177281885305	0.31617159002132245
0.20048299219555293	0.21770578707112354	0.2652098365483728	0.31660138418495065
0.2021519419246291	0.21731789676796912	0.26465120656995283	0.315878954737449
0.20361825628333186	0.21607000795544948	0.2651698635787737	0.315141872182445
0.20072653195798595	0.21470373510432858	0.26597310536479674	0.3185966275728887
0.20172004326561324	0.21574609668924002	0.2646785647103085	0.31785529533483825
0.20286266245170353	0.2166900831284393	0.26530265776841117	0.31514459665144595
0.20418555694721305	0.21434073655923463	0.2636524541194042	0.3178212523741481
0.20301060634503473	0.2157053688755397	0.263064342031162	0.31821968274826357
0.20320556917667673	0.21420633940698147	0.2664820465783548	0.31610604483798704
0.20268496665862315	0.21558599014766727	0.2661365789922841	0.31559246420142545
0.2023640047492749	0.21525320605591622	0.26364973506843326	0.3187330541263756
0.20228208446065168	0.2167509704740619	0.2628926008704858	0.31807434419480063
0.20346203338641158	0.21327465347349123	0.2655283243922933	0.3177349887478039
0.20176731350732466	0.21367466165634266	0.2650500543111294	0.3195079705252033
0.20104824383980865	0.21749887143770044	0.26466984422908935	0.31678304049340156
0.20109111453760048	0.21459762944479102	0.2637036688284937	0.32060758718911475
0.20181868250982873	0.21712866124108676	0.26335155531337706	0.31770110093570747
0.20121722187008476	0.21580745122895978	0.2668908608587459	0.3160844660422095
0.2010856779900254	0.21577114896019572	0.26462665851133904	0.3185165145384398
0.2022739322533137	0.21526951399116348	0.2651958762886598	0.31726067746686304
0.2022663022440146	0.21664770261234736	0.26302947835165225	0.3180565167919858
0.20293750036674746	0.21526608260912938	0.26492662117042315	0.31686979585370006
0.2023346532439795	0.21574949547249075	0.265543271691741	0.3163725795917887
0.20353026782151493	0.21389338778959227	0.26420674600380256	0.31836959838509027
0.2008360105996295	0.2171282508266304	0.2640527167413175	0.31798302183242266
0.2021734036321031	0.21557703573520798	0.26480960749853544	0.31743995313415346
0.20475829350452374	0.2143113290183007	0.26335808304380287	0.3175722944333727
0.20028947306488432	0.2147219411169424	0.2673095479042621	0.31767903791391117
0.20236940353352736	0.21583913925390247	0.2644324896375342	0.317358967575036
0.20219201018771815	0.21451396094708047	0.26500448070936705	0.3182895481558344
0.20340875697913605	0.21501616220981487	0.26266823391125477	0.3189068468997943
0.20339670319983547	0.2152263979079129	0.2652954485352452	0.3160814503570064
0.2019586519935224	0.21598364046856347	0.26520999066182815	0.316847716876086
0.20196649886661366	0.21628543672171685	0.2629750655008979	0.3187729989107716
0.20403087831521516	0.21373179608082923	0.2661814248002493	0.3160559008037063
0.20335664006680348	0.21523542937118864	0.2647499867686753	0.31665794379333256
0.20241784577969033	0.21523313676530487	0.2654908002620907	0.3168582171929141
0.2030142940438539	0.21524698011084215	0.2653850910825662	0.3163536347627377
0.20405483388489123	0.21561988434949536	0.2638939595576545	0.31643132220795894
0.20237779935846503	0.21723315970689502	0.2634707630734822	0.3169182778611577
0.20162129433134834	0.21439530659392986	0.26582643097742065	0.31815696809730115
0.2009330985915493	0.2164612676056338	0.2637206572769953	0.3188849765258216
0.2026486712479611	0.21623356357576506	0.26374829968025154	0.3173694654960223
0.20240050685188662	0.2160221513046743	0.2662849633940304	0.31529237844940866
0.2027670099939413	0.21729028311265094	0.2646306241654559	0.31531208272795186
0.20193449058022964	0.21780060408758095	0.263530269018769	0.31673463631342036
0.2023568230025925	0.21580249823238276	0.2653134574593448	0.31652722130567995
0.2023553597650514	0.21583553597650515	0.26480469897209985	0.3170044052863436
0.20227236733281323	0.21618577805411685	0.2650938803282439	0.3164479742848261
0.20392302216260422	0.21538380076601302	0.2645098281471545	0.3161833489242282
0.20293746981849875	0.21772493315901675	0.26400127203985724	0.31533632498262726
0.20223115838630173	0.2157513649925117	0.2644311843300039	0.3175862922911827
0.20239550519535474	0.2151017913395082	0.26437538201137806	0.318127321453759
0.20299291953375687	0.2162445957916102	0.26358458136083396	0.31717790331379897
0.20108465483977225	0.21477224601195238	0.26501694037927626	0.3191261587689991
0.2030824862483657	0.21450193759643812	0.26293595919857715	0.31947961695661903
0.20160542108539148	0.2140600594252428	0.266227436611117	0.31810708287824874
0.20238319406849475	0.217047193126986	0.2631046251618218	0.3174649876426974
0.20076879672732403	0.21636220435416373	0.26552287581699346	0.3173461231015188
0.20169952373401925	0.2160990821162418	0.2643599184886336	0.3178414756611053
0.20055298996970322	0.21588963732094008	0.2676236138482807	0.315933758861076
0.20130420452940345	0.21709473139036678	0.26531380950138894	0.3162872545788408
0.2011994320960017	0.21444856168297524	0.2668618591197488	0.31749014710127427
0.201981958641481	0.21502425926798246	0.2650796080832823	0.31791417400725425
0.20169723933781772	0.214985611129747	0.26487291302531146	0.31844423650712383
0.2021515594113127	0.21649333356796358	0.2643755022553833	0.31697960476534043
0.2027552931094193	0.2165082793799123	0.2642181694381996	0.3165182580724688
0.20092280641716279	0.21742003622782227	0.26367246272487505	0.3179846946301399
0.203663382025835	0.2149727975397473	0.2640135219996596	0.3173502984347581
0.20321587611180955	0.21724494471794992	0.2633094032358505	0.31622977593439
0.20107202325266682	0.21639336545872828	0.26570525832700825	0.31682935296159664
0.20218128710072553	0.21557288231414304	0.2644339489305569	0.3178118816545746
0.20378612614940167	0.2157939238781957	0.26237478421194793	0.3180451657604547
0.20325718375632135	0.2167505602684595	0.2650509814964741	0.314941274478745
0.20329702748309594	0.21494400717463388	0.26513694346435696	0.3166220218779132
0.20265240465902687	0.21560914897614128	0.26493518692466655	0.3168032594401653
0.20254534970610213	0.21551921956730233	0.26450808145589766	0.3174273492706979
0.20338054390347363	0.2144978083612198	0.2645166611679314	0.31760498656737524
0.20317452835747027	0.2151114148686707	0.26329495775544115	0.3184190990184179
0.20113839706159353	0.21640728009041252	0.26440360708231303	0.31805071576568095
0.20381833315748132	0.21571179029062473	0.2647393287142874	0.3157305478376065
0.20410783055198972	0.21422430544923507	0.263746746593492	0.31792111740528317
0.2023333470750711	0.21502482346774715	0.26594385125943026	0.3166979781977515
0.20087797549180714	0.21628949715949106	0.264079299497629	0.3187532278510728
0.20229825511573693	0.21688016577577884	0.26401087903548637	0.31681070007299783
0.2013396746168154	0.2147481929696513	0.2652744096249382	0.3186377227885951
0.20289581440354956	0.21471979986547562	0.266010171931605	0.31637421379936986
0.20294468295032095	0.2157065418475037	0.2642403669401491	0.3171084082620263
0.20314837281068537	0.2146441149103073	0.2664161788435943	0.315791333435413
0.20177886086976995	0.21661839843658026	0.265022015022015	0.31658072567163476
0.20196898959433857	0.21567400709450088	0.2642317930436117	0.31812521026754886
0.200985655196691	0.2175951186599783	0.2648831001202734	0.3165361260230573
0.20118576377656353	0.21727239040801802	0.26626749089796903	0.31527435491744943
0.2023555738766857	0.21629468229197338	0.26341793769507094	0.3179318061362699
0.20192171824219302	0.2163228298243135	0.26368282228816353	0.31807262964532995
0.20337120254838464	0.21356239016850134	0.26541167343532357	0.3176547338477904
0.2015896548883947	0.21658018285149494	0.26577594220292516	0.3160542200571852
0.20345373164175767	0.21534063839923773	0.2653056423105653	0.3158999876484393
0.2017897091722595	0.21612504415400918	0.2668550571058519	0.3152301895678794
0.20400506522955503	0.21319904585210708	0.26567717996289425	0.31711870895544364
0.20259410686592416	0.21727407302974763	0.2635520936134217	0.31657972649090654
0.20035434901612229	0.21459894401638718	0.265078963323111	0.3199677436443796
0.2011113586007198	0.2161580755208028	0.26469209036236385	0.31803847551611353
0.20079111498874047	0.21614181119351072	0.26406852399872666	0.31899854981902215
0.20092142609492805	0.21734020485276576	0.26491000229181233	0.31682836676049386
0.20180526033785334	0.2143996891136796	0.26506591614312547	0.3187291344053416
0.20207829131323574	0.21752155830729106	0.2643036725486971	0.3160964778307761
0.2022456024600304	0.2162599997643649	0.26511893681444915	0.31637546096115554
0.20267111460890608	0.21568017102651146	0.26569015540389745	0.31595855896068503
0.2042156613769113	0.21624015922419546	0.26358219004140065	0.3159619893574926
0.20273990329753067	0.21546298365940025	0.26543769043445525	0.3163594226086138
0.20290007971116425	0.2149270877291696	0.265408871383692	0.3167639611759741
0.2016236484335389	0.21734131990708533	0.2625252036930043	0.3185098279663715
0.20123760776178695	0.2159643174058425	0.26781338332344107	0.31498469150892944
0.20145949201176094	0.21520422260795635	0.2643971329720028	0.3189391524082799
0.20291313559322033	0.215625	0.26416548964218456	0.3172963747645951
0.20240928456001175	0.21662406346408108	0.26347583370060235	0.31749081827530484
0.20020276682404672	0.2162119149086665	0.2669154096891891	0.3166699085780976
0.2005453410442751	0.21619297770344284	0.2657153625987915	0.31754631865349053
0.20158876691225328	0.21698251885999212	0.26427508834649466	0.31715362588125995
0.2019937349851618	0.21364642705732725	0.2643318102595506	0.32002802769796035
0.20287090886683606	0.21694376140705052	0.26273628366363655	0.31744904606247687
0.2016301161017943	0.2166119385481412	0.2649994136273015	0.31675853172276297
0.20206209862723148	0.2162198786307665	0.26513285806869735	0.31658516467330466
0.20231274947170697	0.21712256398215543	0.26486264381310165	0.3157020427330359
0.20193667782545147	0.21641755858362016	0.263856145975765	0.3177896176151634
0.20149367832990298	0.215983534254631	0.26391061452513964	0.3186121728903264
0.2022205296461214	0.21487579095383172	0.2662116240918678	0.31669205530817907
0.20227399923414532	0.21676632595952752	0.26575156852926446	0.31520810627706264
0.20313652809831015	0.21606275417151155	0.2630221398511418	0.3177785778790365
0.2020085813733719	0.21632456608890116	0.26419125545140254	0.3174755970863244
0.20238809834869295	0.21483469274860822	0.265480267881313	0.3172969410213858
0.20213843888070693	0.21597643593519883	0.26385272459499265	0.3180324005891016
0.20150759978580549	0.21620699192063034	0.2651598514761179	0.31712555681744625
0.2019581899973538	0.2163123695275058	0.26409102937284995	0.3176384111022904
0.20205083681885644	0.21667536825309297	0.2640804378560073	0.31719335707204327
0.20246331635368356	0.21623613214885168	0.2652626777161104	0.31603787378135434
0.20298959118311982	0.2163715146948003	0.2640648549359457	0.31657403918613414
0.20189981917666674	0.21574337176807645	0.2652760491275861	0.31708075992767065
0.20257035779946259	0.21694833356903787	0.265874699476736	0.3146066091547636
0.2021015637898908	0.21531004552208882	0.2664221525107909	0.3161662381772295
0.203147437905175	0.21816956925131636	0.26423468091267427	0.3144483119308344
0.20251932267390407	0.21765885892973036	0.2642397781580034	0.31558204023836217
0.2016144678899622	0.21564258291345018	0.2639766707626097	0.3187662784339779
0.2033012525029507	0.2147282133189273	0.26382421505704673	0.31814631912107527
0.201327550798237	0.21539747082742428	0.26427440757457177	0.31900057079976696
0.20310921605938873	0.21625907393050955	0.26249207132285574	0.318139638687246
0.20133951692640897	0.2161295258722162	0.264448655774754	0.31808230142662086
0.20273292362957615	0.21709603385632195	0.26462871330715454	0.31554232920694736
0.20317200534554725	0.21562336263179893	0.2646516857901461	0.31655294623250774
0.20237576414327613	0.21342418638617652	0.2660160897065925	0.3181839597639548
0.2007693888937832	0.21633923589698412	0.2640707132998561	0.3188206619093766
0.20380370979103077	0.21604836816154027	0.2640467245832355	0.31610119746419346
0.20401075971346672	0.21487642221869058	0.2643663953194069	0.3167464227484358
0.2008559839399987	0.21666872715070382	0.2658024407905194	0.31667284811877805
0.200614455566521	0.21423704121434278	0.26616029888622583	0.31898820433291036
0.20214910122102697	0.2149101221026975	0.26586631981063535	0.3170744568656402
0.20144967579229545	0.21706925640920127	0.264180780332379	0.31730028746612426
0.20455827067669172	0.21573073308270677	0.26274671052631576	0.3169642857142857
0.20217461767392522	0.21703155847599964	0.26471992220879864	0.31607390164127647
0.2010804569260588	0.21493669842055343	0.26600802389494704	0.3179748207584407
0.20282143444452275	0.215454460027721	0.26481194352432635	0.31691216200342986
0.20126082324341188	0.2157820694688885	0.2652143458375763	0.3177427614501233
0.2030377392911157	0.21687292928222965	0.2638631428420105	0.3162261885846442
0.20222854014727437	0.21627316981287562	0.26578843584264833	0.31570985419720166
0.20214194034596045	0.21578370994901264	0.2641981559765906	0.31787619372843634
0.20280118290421761	0.21471237120660924	0.2665876499166804	0.31589879597249276
0.2042764840410834	0.21537629414496776	0.2638791719823861	0.31646804983156274
0.20171519932285484	0.21715669562559514	0.2640278381905176	0.31710026686103243
0.201348979460056	0.21539644616116135	0.26567498869980216	0.3175795856789805
0.2020821834153445	0.21631572148301254	0.263813695670045	0.317788399431598
0.20214666948813806	0.2168947356046178	0.26406621052879076	0.31689238437845335
0.20374088182133962	0.21456789105873902	0.26373393463759837	0.31795729248232296
0.20110837873136522	0.21709868335902294	0.26591676569909045	0.3158761722105214
0.20226833065962066	0.21531447579503632	0.26354156836840614	0.31887562517693685
0.2029450886866639	0.21498092665404878	0.26530408948944373	0.3167698951698436
0.20231711705334443	0.21661623043752692	0.26419735607977773	0.3168692964293509
0.20273063597392682	0.21416407305185273	0.26554113570967175	0.31756415526454873
0.20355192058342084	0.2157026102568014	0.26346637878939	0.31727909037038776
0.20176113633826975	0.21557765624357492	0.26462277728498335	0.31803843013317196
0.20076660288092416	0.2142437867599582	0.26748922881863324	0.3175003815404844
0.20240049421939812	0.21615626746683142	0.2630129732592004	0.31843026505457006
0.2028739547120173	0.21561119984966645	0.26532697547683926	0.316187869961477
0.20117259932069295	0.21579477157270763	0.26345222187557027	0.31958040723102915
0.20314679985461878	0.2158266211764154	0.2645703633357954	0.3164562156331704
0.20351749908644043	0.2162071363738168	0.26381832541581696	0.3164570391239258
0.20233022754194585	0.21627387540295728	0.2659606442601793	0.3154352527949176
0.20409425625920471	0.21501620029455082	0.2649425625920471	0.31594698085419737
0.20276308295707415	0.21478771937035057	0.2650880417104576	0.3173611559621177
0.20224606967160183	0.21504385295464418	0.26443272945016494	0.318277347923589
0.20302151345765418	0.21367255390107567	0.26567711024472734	0.31762882239654283
0.2021293472704518	0.21596070343668658	0.26411191999670963	0.31779802929615203
0.20189617473491173	0.21455693226435943	0.26543507394258575	0.31811181905814306
0.2026663856247036	0.2152137382679618	0.26485277499663334	0.3172671011107013
0.20346721754031785	0.2161083593511585	0.2640496255780652	0.31637479753045844
0.20221081628328585	0.21636098227108988	0.2647093447602006	0.31671885668542366
0.20377449339698533	0.21389187379991897	0.2664869848092495	0.3158466479938462
0.20081967213114754	0.21548439447750312	0.2666168826587012	0.31707905073264814
0.20284571966133585	0.21556326434619003	0.26565733772342426	0.31593367826904983
0.20458887630908576	0.21466647796961977	0.2644530144353241	0.3162916312859704
0.20258082746603245	0.21468434313702403	0.2678314926884404	0.31490333670850307
0.20289538086849604	0.2154747407871558	0.2630138443895345	0.31861603395481364
0.20208438353594918	0.21724247077994396	0.26339667764738983	0.31727646803671705
0.20153460510985843	0.21607451778800324	0.26424275946477116	0.31814811763736717
0.20274479840131657	0.2164041377688962	0.2630422005407312	0.31780886328905605
0.20275491151637565	0.21677020092300103	0.265673990394213	0.3148008971664103
0.20239099776360278	0.21562055597188867	0.26643810962476916	0.3155503366397394
0.20268168536148554	0.2155363370722971	0.2635262512960694	0.318255726270148
0.20227980616937216	0.2145502505313856	0.26443867427387113	0.3187312690253711
0.2017387937558297	0.2187043522641277	0.264162897520283	0.3153939564597596
0.20346315250466443	0.21510508937452547	0.26429197836412543	0.31713977975668467
0.20184353997274052	0.21649551158527988	0.26408798232833575	0.31757296611364383
0.2020108238971906	0.21745926348139313	0.26442157963085927	0.316108332990557
0.20189597443788654	0.21523017082600227	0.26470086325093123	0.31817299148517997
0.20205144427065944	0.2153489271215929	0.26708609387905735	0.31551353472869037
0.20311947372144018	0.21552191648393104	0.2647780057060668	0.3165806040885619
0.20303707064695378	0.2162189236489632	0.26412614980289095	0.31661785590119207
0.20331979433240205	0.21569858897001853	0.2644624703589792	0.31651914633860023
0.202886622181722	0.21735500749581116	0.26325288809194863	0.3165054822305182
0.20209030542926545	0.21727648612246578	0.26498179658046267	0.3156514118678061
0.20227608405270064	0.2171224130727723	0.2656980952212827	0.31490340765324437
0.20260917281787125	0.21651060013334986	0.2644693442845426	0.3164108827642363
0.20323620407731127	0.21560577364217065	0.2644252826237839	0.31673273965673415
0.2040306550254188	0.21568753921298442	0.2628897110992536	0.3173920946623432
0.20224006762468302	0.21818939607401147	0.26280877242415707	0.3167617638771485
0.20249268756827873	0.21621304138425212	0.26405807656615254	0.31723619448131657
0.20073608522596995	0.2182034111553363	0.2645967699263327	0.3164637336923611
0.2027352894583986	0.21475718585535	0.26346669482923507	0.3190408298570163
0.20375243978922566	0.21532275554044628	0.2655311267283672	0.3153936779419609
0.2024495040284793	0.21668326781283337	0.26333936475566844	0.31752786340301886
0.2016366650460129	0.21578907288841506	0.2641509433962264	0.31842331866934565
0.2024370078047579	0.2168209831297607	0.2643297348962395	0.3164122741692419
0.20201189756117613	0.21694550963960843	0.26515823286569146	0.315884359933524
0.20346198004062527	0.21396567458565163	0.26707291942653594	0.31549942594718716
0.201681365358218	0.2152253701183554	0.26611995781858455	0.31697330670484203
0.20269048290116498	0.2165715426531379	0.26428034573468623	0.3164576287110109
0.2031220513304397	0.21519390451028497	0.2655217965653897	0.3161622475938856
0.20370207191489112	0.21593265542298903	0.26477274729922634	0.3155925253628935
0.20286274025309306	0.21495849438453438	0.2652653005994929	0.3169134647628797
0.20274649336901227	0.21517922780603993	0.2656335460346399	0.3164407327903079
0.20161746342153006	0.21514737412529747	0.26546780387814245	0.31776735857503
0.20348303228693215	0.21442785483832985	0.2657548924946424	0.3163342203800956
0.20084877268879903	0.21588451048622215	0.2664111727640365	0.31685554406094235
0.20178686365864174	0.21698051928879755	0.26445700248601983	0.3167756145665409
0.20203345552110238	0.2156074771854057	0.2649376018640009	0.317421465429491
0.2017029272732611	0.21544378871957487	0.26596200710531726	0.3168912769018468
0.2018056012405432	0.21723603214134674	0.2641205770405526	0.3168377895775574
0.20112717817180642	0.21747008506783072	0.266163476132767	0.3152392606275959
0.20370654547600778	0.21558755828365697	0.26444549371421827	0.316260402526117
0.20150149443411547	0.2162104916335224	0.26575039420112495	0.31653761973123723
0.2028567561045947	0.2159222661008869	0.26424111162771535	0.316979866166803
0.20174094461273706	0.21735876189016845	0.2640471952757576	0.3168530982213369
0.2014855590253886	0.21640584108164693	0.2658127348753507	0.3162958650176138
0.20248896734333627	0.21527508090614886	0.26570756104736687	0.316528390703148
0.20252682183267867	0.2156358093451369	0.2656270153016357	0.31621035352054877
0.20059412683316308	0.2164101118978008	0.2664588396914298	0.3165369215776063
0.20195043382162758	0.21785722683345482	0.26466646288414963	0.31552587646076796
0.20242077231925037	0.21593547742356461	0.2648035694340754	0.3168401808231096
0.2027153420354477	0.2153155643923128	0.2637870080060236	0.31818208556621586
0.2024835380431271	0.21787348523563654	0.2626746788376478	0.31696829788358855
0.201614900970828	0.2160711547308695	0.26484847769926745	0.3174654665990351
0.20148772160364187	0.21824218887493987	0.26309089415822884	0.31717919536318945
0.2024458515001966	0.21510348510366115	0.26494768530200513	0.31750297809413713
0.20133802071698156	0.2166699980011993	0.264488365804047	0.31750361547777217
0.20075387817987228	0.2153316005504134	0.2673268491185153	0.31658767215119904
0.20205849850697138	0.2139263125720063	0.26653499800145775	0.31748019091956453
0.20302720128006024	0.21619840933690998	0.2639830109652219	0.3167913784178079
0.20030566658829063	0.21405478485774748	0.26734657888549257	0.3182929696684693
0.20251182937451448	0.2162951105252007	0.2642070199392641	0.3169860401610207
0.20158728291052855	0.21571868969736904	0.2656022026639055	0.3170918247281969
0.20357773773820773	0.21516899763479608	0.26479719696925236	0.31645606765774387
0.20408860006945792	0.21437190603165635	0.2666125130233626	0.3149269808755231
0.2030093342363299	0.214746326668826	0.2657106681193133	0.31653367097553076
0.20267598672597614	0.21516157123020077	0.264903857468992	0.31725858457483114
0.20240136210726006	0.21586925655573033	0.2646682809287309	0.3170611004082787
0.20272894160841629	0.21437313186942503	0.2647214573183648	0.31817646920379394
0.2032311223588959	0.21588488023071037	0.2646930728032488	0.316190924607145
0.20247081023705626	0.21509611982545113	0.2657506781460078	0.31668239179148483
0.20232341569219162	0.21586193889098454	0.2644992455677103	0.31731539984911356
0.2026480237002833	0.2169600735038607	0.26301778110220453	0.3173741216936515
0.20228740691981734	0.21708620091801892	0.2653262728549683	0.3153001193071955
0.2014063255177942	0.21757376430785916	0.26518018177317254	0.3158397284011741
0.2026246193536227	0.21517048834647803	0.26451757305170903	0.31768731924819027
0.20179440746925048	0.2151054772935726	0.2663625032336963	0.3167376120034806
0.2017181261723183	0.21482457120345272	0.2639987299272648	0.31945857269696415
0.2024309327383224	0.21597134552714248	0.2649305657496844	0.31666715598485073
0.2014728130021957	0.21626569499467269	0.265112226937997	0.3171492650651346
0.20136649325580847	0.21634966220192556	0.2642240060262235	0.31805983851604247
0.20204545054480805	0.2150832907931255	0.26507536951304667	0.3177958891490198
0.20340330320605293	0.21331292136485414	0.26588159095592784	0.31740218447316515
0.202505944113562	0.2154299771651875	0.264630758727842	0.3174333199934085
0.20205723717174098	0.21682926110407028	0.2632084647351823	0.31790503698900646
0.2011291668135406	0.21697980189643626	0.263762087724864	0.31812894356515914
0.20148999824015956	0.21548659588197336	0.2654601982753564	0.3175632076025107
0.20236629495432745	0.21533518603205873	0.2644434281961984	0.31785509081741536
0.2016907858044442	0.2163677459124666	0.2647136525082925	0.31722781577479675
0.20322934960734446	0.2162336785099647	0.2637987442070825	0.3167382276756084
0.20139313066766903	0.21609383075694216	0.26500610816144343	0.3175069304139454
0.20357027511083708	0.21608385448780057	0.2622155671041428	0.31813030329721953
0.20200964299766852	0.2161687583319141	0.2643778739597954	0.317443724710622
0.20366286147820103	0.2158900435802883	0.26415771241714747	0.3162893825243632
0.20248154068661034	0.2157617065130196	0.2649884940362218	0.3167682587641482
0.2019444983276609	0.21481768858635913	0.26525825735799813	0.31797955572798187
0.2031559344139021	0.21499362585845294	0.26499979438253074	0.31685064534511426
0.2019572849276145	0.2161584614120161	0.26323544951801714	0.31864880414235225
0.20003874785712608	0.21606039969001714	0.26512927694150246	0.3187715755113543
0.20354211408902356	0.21498043599776412	0.26459356888588154	0.3168838810273308
0.2012701255397739	0.2143366303970026	0.2662845293289425	0.31810871473428104
0.2021522945269889	0.21622272898250894	0.2644289542975362	0.31719602219296594
0.20379230282136074	0.2154541616829663	0.26361429677056214	0.3171392387251108
0.20240891686829063	0.21546945103474197	0.265327335510089	0.3167942965868784
0.20082516335047013	0.21588232863694584	0.26635422999510094	0.3169382780174831
0.20006220036733424	0.21562989607844288	0.2676962979045518	0.3166116056496711
0.20106012881387805	0.21548117154811716	0.2640214376380988	0.31943726199990596
0.20228132860064407	0.21572718083730988	0.2663665640205919	0.31562492654145413
0.2026974520793105	0.2175976074977629	0.2631870202043988	0.31651792021852776
0.20195525961306565	0.21602559954824327	0.26364240631047686	0.3183767345282142
0.20314435501388425	0.2151206138419721	0.26358923780505705	0.31814579333908666
0.20260278719043454	0.21688522953505718	0.2635145848871558	0.3169973983873525
0.2015811671696049	0.2155104969970765	0.26345727378074246	0.3194510620525762
0.20229972720072747	0.21460796104543722	0.26471502742659353	0.31837728432724177
0.20326731919330368	0.21650529226047177	0.26350009664891844	0.31672729189730614
0.20142244166225828	0.2165344148592253	0.26427437841650503	0.3177687650620114
0.2017053790448469	0.21564300888487226	0.26497928428070094	0.31767232778957993
0.20211314006024098	0.2145496046686747	0.2645896084337349	0.3187476468373494
0.20239639015860536	0.2149299096952876	0.2644009317991116	0.3182727683469954
0.20296103378089053	0.21505035751784657	0.265812612549199	0.3161759961520639
0.2013105248581345	0.2173385267202112	0.2641320424506343	0.31721890597102
0.20192839410304378	0.21650606520536986	0.2646629722447731	0.31690256844681325
0.20284025611558038	0.21639655698102586	0.26354457396158265	0.3172186129418111
0.20277473788258552	0.21624833786375777	0.26492392417128535	0.31605300008237136
0.2009532776273979	0.21577615629045546	0.26597622690361306	0.3172943391785336
0.20258326869285193	0.2152939378981266	0.26372728768540066	0.3183955057236208
0.2013337642116396	0.21583477775492818	0.2648491436293663	0.31798231440406594
0.20117849568491983	0.21581863151154115	0.2647267899211007	0.3182760828824383
0.20164804551186183	0.21760065687223248	0.26526494824198704	0.3154863493739187
0.20288171865511936	0.21461965204780067	0.2647372672015847	0.31776136209549527
0.20315057042278395	0.21590708407407844	0.26402510095718	0.3169172445459576
0.2016321059222633	0.215719014386755	0.2650584700770782	0.31759040961390345
0.20334969101073952	0.21547361661767217	0.26431100402363517	0.31686568834795314
0.20107772678391989	0.21589206278316772	0.2664171166988888	0.31661309373402363
0.2008656837549033	0.21737366133651692	0.26459224060362624	0.31716841430495357
0.2014247750587764	0.21586697385555445	0.2660228270412643	0.3166854240444049
0.20054845036348048	0.21603894349904285	0.2654640688675146	0.3179485372699621
0.20266256559561405	0.2158403869407497	0.26495932191451144	0.3165377255491248
0.20260880309243776	0.21439960461982902	0.2656695869100922	0.317322005377641
0.20394292394362887	0.21673745366535666	0.26345687280075664	0.31586274959025784
0.20255965165200507	0.21511665538850805	0.26412662920356583	0.31819706375592105
0.2028746396425489	0.21571540128114047	0.2648296999125161	0.31658025916379456
0.2012062726176116	0.21654064550295685	0.2654976610079732	0.3167554208714584
0.20060758125077122	0.216584500214475	0.2660371482462996	0.3167707702884542
0.20106603668247505	0.21607517497928458	0.2641996203640039	0.3186591679742365
0.2009627167138644	0.21676370053764388	0.2641021581974566	0.31817142455103514
0.20299155326137963	0.21508681370248708	0.26365556076959173	0.3182660722665415
