A	C	G	T
0.26897655836907347	0.22680806063098524	0.2779507666999589	0.22626461429998238
0.26612932771569886	0.22654698662758746	0.2779043780912255	0.22941930756548817
0.2683180130811384	0.22746155205939544	0.27848977667786223	0.2257306581816039
0.26885118773273636	0.227238475663733	0.27734492168352975	0.22656541492000087
0.2702684781327361	0.22488359071083344	0.2766194153011906	0.2282285158552399
0.2700800919547005	0.22512691664394816	0.27808928742475264	0.2267037039765987
0.26905635773572745	0.2267495952469909	0.27625033882039224	0.22794370819688944
0.2683372736750907	0.2271325570125846	0.27681023216199946	0.22771993715032526
0.2691990577149588	0.2259864546525324	0.2766710836277974	0.22814340400471142
0.2670652605568548	0.22709555957581373	0.27733162717498416	0.2285075526923473
0.2709518141339329	0.2252568002468809	0.2767931931402372	0.22699819247894898
0.26833519651682747	0.22681807484113908	0.2768813250176512	0.2279654036243822
0.2684671833409315	0.22382682098266152	0.2800850012500184	0.2276209944263886
0.26673021226674487	0.22792829123437328	0.2797081790519485	0.22563331744693332
0.2673395881779036	0.22538713771172453	0.280397004129958	0.22687626998041388
0.26928770335629487	0.22618349699545653	0.2775538619375641	0.22697493771068444
0.2690098377973898	0.22570445525306101	0.2767494919705673	0.22853621497898188
0.26828280746182953	0.22604867562832198	0.2794210751041682	0.2262474418056803
0.26928189048077134	0.22658745603148844	0.27734492608884026	0.22678572739889996
0.2671231865877596	0.2270178131318349	0.2782213432901902	0.22763765699021532
0.2684803456866333	0.2252695165237329	0.28028248712126225	0.22596765066837157
0.2686815279161052	0.2264045931220341	0.2767810065030172	0.2281328724588435
0.26918635016146475	0.2245132150975041	0.2788815900781945	0.22741884466283663
0.26952202051628243	0.22534890888011622	0.27865748961711745	0.2264715809864839
0.27055648449646513	0.2254832937311156	0.276533485875209	0.22742673589721024
0.26792594335460723	0.22663304020469985	0.27874180171171437	0.22669921472897855
0.2681279142343136	0.22782979035870324	0.2773653486066747	0.2266769468003084
0.2675916530639255	0.2259819708533698	0.2779517948265467	0.228474581256158
0.26856481276639677	0.22740881671902424	0.27672079406515937	0.22730557644941965
0.267507599230532	0.225877031968164	0.2794607850335541	0.22715458376774988
0.2682596207391776	0.22730736539757906	0.27884756294146956	0.2255854509217738
0.2683988403244156	0.22571103526734926	0.2778083599398143	0.22808176446842085
0.2684206278750706	0.22295507736553657	0.279374325940382	0.22924996881901086
0.26938530559072577	0.22505617072974377	0.2797924427497676	0.2257660809297628
0.2682328576988889	0.2257929484684473	0.2778679435113719	0.22810625032129192
0.2698982557070235	0.22597091128456767	0.2781084242508957	0.22602240875751312
0.26720134768915255	0.22578920383798431	0.2806782392148246	0.2263312092580385
0.27197060093848596	0.22571246605125803	0.27654590309144017	0.22577102991881584
0.26666813441653275	0.22487395698025142	0.2795843332379296	0.22887357536528624
0.26920507682030725	0.22667312647272567	0.27695684409111265	0.22716495261585443
0.26996139222423277	0.2248701474714471	0.27797598552391556	0.22719247478040455
0.2690852012674569	0.22597846496890037	0.27584057035559206	0.2290957634080507
0.2685998806779262	0.2263436623037999	0.2799723054939713	0.22508415152430267
0.26840952541404495	0.2270306697236282	0.27867915821241	0.22588064664991686
0.2667033733436112	0.22592959659362039	0.2790441581323643	0.22832287193040415
0.26904290429042904	0.22547854785478547	0.28014668133480014	0.22533186651998532
0.2661015212075958	0.22722946955388648	0.2803253246658175	0.22634368457270027
0.26548342511134027	0.2277703429060354	0.277396283539194	0.22934994844343037
0.2685753237900477	0.22567451678870637	0.2787343052532049	0.227015854168041
0.2700327454809768	0.22750767242771766	0.27528230128779313	0.22717728080351243
0.2694478997225146	0.2249766308708037	0.27794175014536704	0.2276337192613147
0.2688176772897559	0.22651593463391032	0.27676483310239663	0.22790155497393713
0.26745975899375496	0.22764388541941538	0.2762556073533292	0.22864074823350045
0.2700188412623646	0.2251310056523787	0.2780631771078662	0.22678697597739048
0.26723415516252813	0.22642938002616916	0.27736367779591	0.22897278701539275
0.2672732756147616	0.22553642228221293	0.2786232870162637	0.22856701508676175
0.26768083083449135	0.22494697579170628	0.2785709061654355	0.22880128720836684
0.26695627288537316	0.2257827806599793	0.27921806320949244	0.2280428832451551
0.26912666774539945	0.2260043247377944	0.2785851929215516	0.22628381459525457
0.2682973423757706	0.22780475977046122	0.2766735978956495	0.22722429995811871
0.2675406366655889	0.22761676611504658	0.2786955115957791	0.22614708562358543
0.2688841828538046	0.22613553381042792	0.27823134219366147	0.22674894114210603
0.2688220863388378	0.22457617809673758	0.2786789205814507	0.2279228149829739
0.2685574973094466	0.2256623886257312	0.279004897905395	0.2267752161594272
0.2692431821849282	0.22457347396834246	0.27739962151774317	0.22878372232898617
0.27047263205895766	0.22513643518041807	0.27613597917065064	0.22825495358997366
0.2669041236734844	0.22639444791245916	0.27817721147137664	0.22852421694267983
0.2668189840140015	0.2283734997107435	0.2783526293049789	0.22645488697027616
0.26696879108610544	0.22519776418136278	0.27941122463219903	0.22842222010033272
0.2697149408055733	0.22498291408540752	0.2772253944457917	0.22807675066322744
0.2681950990324333	0.22556490331674228	0.2803887885595149	0.2258512090913095
0.2695669404020167	0.22545371817734822	0.27627455728994665	0.22870478413068845
0.26861380256276723	0.22494994022165662	0.2779142859238505	0.22852197129172566
0.2670126747450756	0.2251471633935182	0.2794821607911269	0.22835800107027923
0.26818467934360957	0.22589404652115996	0.2786365699061672	0.22728470422906327
0.2687380001606062	0.22665917170994518	0.27829406998050826	0.22630875814894036
0.26984254792735685	0.225534905170079	0.27655493986663054	0.22806760703593362
0.26752568960179274	0.22564095003612025	0.2791136534520633	0.22771970691002374
0.2703750292534519	0.2258366487245495	0.27750555815586236	0.22628276386613622
0.26711438951888145	0.22814782193841976	0.2782707622298066	0.22646702631289223
0.2698762116509271	0.22692818514686566	0.2776322451405552	0.22556335806165204
0.26685395324209243	0.2253101627481118	0.28025327812791867	0.2275826058818771
0.26662766463124793	0.22695528172876522	0.27913269223737613	0.22728436140261069
0.26842812754798473	0.22535387146771269	0.27880737786200666	0.22741062312229593
0.26883958144033765	0.22547410381921038	0.2784242459770789	0.2272620687633731
0.26994599757540133	0.2246427390617538	0.2766246647808677	0.22878659858197714
0.2659843918626249	0.22678785120144482	0.2793019653331963	0.227925791602734
0.26993672273451313	0.22567186426807348	0.2792164140934399	0.22517499890397347
0.27032949256233596	0.22567409575211217	0.2770061104289065	0.22699030125664538
0.2685876337134125	0.22634301163747503	0.2771100270365581	0.22795932761255436
0.2680498779519454	0.22727406405317177	0.27601241066964677	0.228663647325236
0.27013147536400356	0.22601696598709525	0.278651255527189	0.2252003031217122
0.26737449611207786	0.227511362718535	0.27860871863779546	0.22650542253159167
0.269001583618753	0.22490332559938128	0.27882001988730526	0.22727507089456045
0.26803041646481995	0.2281748653131927	0.27770437897271033	0.22609033924927702
0.2688604061845826	0.22579602629549378	0.2778140952660766	0.227529472253847
0.26685574414446106	0.22644592970421834	0.27831765016269455	0.22838067598862605
0.2676675987877546	0.2265200650044654	0.27808441796114375	0.22772791824663632
0.26950474276114533	0.22804134601982204	0.27705354588337133	0.2254003653356613
0.2693267381955351	0.22539666231231012	0.2785222585900691	0.22675434090208568
0.26803267238653994	0.22473661380562723	0.27949447495533647	0.2277362388524964
0.26940736394308346	0.2242995452545108	0.27923573419392694	0.2270573566084788
0.26978573266198685	0.22841706788195082	0.27772428240655667	0.2240729170495057
0.26803526374464587	0.22829020712315906	0.27761397641260344	0.22606055271959163
0.26843489697501094	0.22498173315797165	0.2798845535583808	0.22669881630863656
0.26920116412899253	0.2261694438131822	0.27864321792230834	0.22598617413551694
0.26982440975452526	0.22590853484334597	0.2775307484378548	0.22673630696427394
0.2683000205453318	0.22411288192304304	0.27968800446127207	0.22789909307035308
0.2688380281690141	0.2275161384976526	0.2783157276995305	0.22533010563380282
0.27038585680751176	0.22555017605633804	0.27747946009389673	0.22658450704225352
0.2692790682303868	0.22623759831388474	0.27747464584970366	0.22700868760602477
0.2704769586098178	0.22567731055467977	0.2788869743740147	0.2249587564614877
0.2672379010072407	0.22665483116063764	0.27739834058380347	0.2287089272483182
0.2696076990890391	0.225822803408757	0.276219512195122	0.22834998530708198
0.2680204755662636	0.22593425263450823	0.280953183013189	0.22509208878603912
0.2702690870884894	0.22688536072846135	0.27580696941396216	0.2270385827690871
0.2689946390541235	0.2269736358963061	0.2779173092457957	0.2261144158037747
0.2689842787587259	0.22693142488414383	0.27519504898222563	0.22888924737490468
0.26777709898942315	0.22712585472130015	0.27989224439324906	0.22520480189602762
0.2697084509720739	0.2253836363902339	0.27865387147266635	0.22625404116502582
0.2672355073790603	0.22544402534148753	0.2773794265206724	0.2299410407587798
0.2675439240264792	0.22786918933200254	0.27796533047600874	0.22662155616550955
0.26943252265140677	0.22622060819485712	0.27605003484831814	0.228296834305418
0.26832592854564075	0.22618126625553517	0.277948468572018	0.22754433662680607
0.2714383014874435	0.2258995334802956	0.2785642618076357	0.22409790322462522
0.26896739811450093	0.2257660300588942	0.2765079201279604	0.22875865169864448
0.2689701797445658	0.22573889272644435	0.2790376390705604	0.22625328845842949
0.26605310251634345	0.22920273182133596	0.27758664767539537	0.22715751798692524
0.26780176658191385	0.2257021501741597	0.27912582119604357	0.22737026204788288
0.2700199998534809	0.22625475271243434	0.278166460318972	0.2255587871151127
0.26744509720614734	0.22851868672810113	0.27924608465065853	0.22479013141509296
0.26797390422733885	0.2256343946985615	0.2777671657581145	0.22862453531598512
0.26959768642237436	0.22499542409488596	0.27808324486583447	0.2273236446169052
0.26843072399852996	0.22818816611539874	0.27679529584711504	0.22658581403895628
0.2689866668627783	0.22487626583907572	0.2775248755304206	0.22861219176772543
0.26686763336047115	0.22632957070873766	0.28023118504338385	0.22657161088740732
0.26784015223596574	0.22672180341067116	0.27895776915757886	0.22648027519578423
0.2689040369835988	0.22601660728482673	0.2781425753069698	0.2269367804246047
0.2696458461809532	0.2236293424955217	0.2790209379496667	0.2277038733738584
0.26961153202650673	0.2261472481387584	0.27892687274879263	0.22531434708594222
0.2682646058188644	0.22598691928671985	0.2803994603472548	0.22534901454716097
0.2698606105536675	0.2273464624147625	0.2778540337793698	0.2249388932522002
0.2671609856868821	0.2278515567360189	0.2780138704441493	0.22697358713294968
0.2685624825436959	0.22532964852191043	0.27862466373645756	0.2274832051979361
0.2677575962336489	0.22590761863491807	0.2797220773688424	0.22661270776259063
0.27009048343587144	0.2250986791329467	0.2786389997574368	0.2261718376737451
0.26742025281125825	0.22699395515207604	0.2777177944751706	0.22786799756149512
0.267418883281545	0.22730311244316137	0.2791355385621203	0.22614246571317334
0.26768982821142084	0.22737628658290904	0.27780667374821433	0.22712721145745576
0.2674973216513304	0.2250473297230661	0.2802653399668325	0.22719000865877104
0.267831875600261	0.22736970212391586	0.27854309782329784	0.2262553244525253
0.26924801364174256	0.22620596385232225	0.27779615296979854	0.22674986953613666
0.2676535910220771	0.2260953977849358	0.279567282942829	0.22668372825015812
0.2667794078889572	0.22701982488506253	0.28043280915985824	0.225767958066122
0.26581741907664425	0.22693620411176157	0.2789727173730331	0.2282736594385611
0.26879059922633386	0.2261002846507554	0.27588497189986133	0.2292241442230494
0.26938000191425604	0.22651539135492516	0.2787009563917746	0.2254036503390442
0.2693121964441384	0.22669167148937416	0.27750225263173317	0.22649387943475427
0.2676325660072075	0.22823416930205193	0.277046407295727	0.2270868573950136
0.2712437269928508	0.22467468533934856	0.27841497733267695	0.2256666103351237
0.26728015909708003	0.2265885858118868	0.2769815585349566	0.2291496965560766
0.26872743517074205	0.2258789756208303	0.2787603166582449	0.22663327255018273
0.26876724156855286	0.2260557145052356	0.27561630604195786	0.22956073788425374
0.27007133044877213	0.22536308006493935	0.2771309145136527	0.22743467497263584
0.2687960580184817	0.2241709556673295	0.27886302491519477	0.22816996139899404
0.2696832911299497	0.2255495614517964	0.2782414033542515	0.22652574406400236
0.26959355800074875	0.22660774713538034	0.2782479758645242	0.2255507189993467
0.2686139327031914	0.22715245417260793	0.27777941111617444	0.2264542020080262
0.2685506927644601	0.22638369620995527	0.27846932043105344	0.22659629059453118
0.26812792637838395	0.2256867112100965	0.27824207810536067	0.2279432843061589
0.26720492966549747	0.22756318339914555	0.2781172560352371	0.22711463090011985
0.2671829836058339	0.22624537558012106	0.2789435361090885	0.2276281047049565
0.2677915770687965	0.22670821082195988	0.27802401954330686	0.2274761925659367
0.2699807423353763	0.22550505605225196	0.27690032144923077	0.22761388016314096
0.26733052470317886	0.22609227233892112	0.27803965471525793	0.22853754824264208
0.26726417109148887	0.22601574524807236	0.2809620950459175	0.22575798861452126
0.2687087508496503	0.22579136243705278	0.27984739184774265	0.22565249486555428
0.2689023318490743	0.22583196625263652	0.2789503749707054	0.22631532692758377
0.2695439918488818	0.2259809562903616	0.2787066696964588	0.22576838216429782
0.267223382045929	0.22850568967038137	0.27759563644917523	0.2266752918345144
0.26464289381426664	0.22745808457893887	0.27970017455590923	0.22819884705088525
0.2690725655670995	0.22664916744264482	0.278237661947253	0.22604060504300263
0.26702706678434834	0.22692703736393058	0.27758899676375404	0.22845689908796704
0.26815728604471856	0.22720563938759775	0.27908359951536515	0.22555347505231854
0.2659689854307742	0.22861519068976635	0.27834696450033714	0.22706885937912233
0.26858442581319514	0.22514040911867975	0.2788455168454138	0.2274296482227113
0.26905443289335357	0.22526573998364677	0.27801950706693146	0.2276603200560682
0.26899507115381804	0.22688780659032073	0.277119623243093	0.2269974990127682
0.26739692615122396	0.2277616150930089	0.2785932586911164	0.22624820006465074
0.26732084666647093	0.22737280920647035	0.27934268854769106	0.22596365557936765
0.2677047812788128	0.22538746359525239	0.27974944752594066	0.22715830759999414
0.268997082714903	0.2277968282749998	0.2780852666135365	0.22512082239656067
0.26833881639472157	0.2268000264953302	0.27859103721857914	0.22627011989136914
0.26824925816023737	0.2263398908304942	0.2796937392387442	0.22571711177052423
0.26729159349022363	0.2264957264957265	0.2804560355930219	0.22575664442102797
0.26870693564667847	0.22563161051538247	0.27757947247538656	0.22808198136255248
0.2672487098287591	0.22794980060989914	0.2780612244897959	0.22674026507154585
0.26858898224314137	0.2266528834733647	0.27789996920775967	0.22685816507573425
0.2685212471267755	0.2261817056639359	0.2785849001001945	0.22671214710909413
0.27050901721200726	0.22606914174939788	0.27709569406097634	0.22632614697761852
0.2694613869856699	0.22690631245897527	0.2774340101335654	0.22619829042178938
0.2686953062848051	0.22745219364153335	0.27857332272606733	0.2252791773475942
0.26861045365614167	0.2251060680447574	0.2782243586455532	0.2280591196535477
0.26709648047113077	0.22778173487145972	0.2800643252094608	0.22505745944794872
0.2675488139422301	0.22601845467748324	0.27824313817536345	0.2281895932049232
0.2691076254259194	0.22716925155680884	0.27600311361767127	0.22772000939960052
0.2676537250169252	0.22677567480057692	0.27772790156889293	0.22784269861360493
0.2698420855571788	0.2252942083354746	0.27766072254483787	0.22720298356250873
0.26765222633076285	0.22674243370996316	0.2792157669942881	0.22638957296498594
0.26891997120315003	0.22601119551004217	0.278014486578611	0.22705434670819682
0.2668237643241497	0.22719698137585248	0.278180309937528	0.2277989443624698
0.2668641968047172	0.22700771249807003	0.27934829758920104	0.22677979310801175
0.2664505124472481	0.22759421824223977	0.28011087093975623	0.22584439837075596
0.2684459888597689	0.22470999627685592	0.2793234098159599	0.22752060504741534
0.26924828487902336	0.22635189728371846	0.2782168618060554	0.22618295603120273
0.26825416553952786	0.22584206408972268	0.27841669286502846	0.227487077505721
0.2679822984169853	0.225423641741096	0.27988609926683744	0.22670796057508127
0.26914530854691454	0.2245150881824515	0.278839878267884	0.22749972500274998
0.26807107528851437	0.22700860963546438	0.27931855651218174	0.22560175856383954
0.2719903427588982	0.22551121191059736	0.2759629805757764	0.22653546475472802
0.27017636451598714	0.2256454237586313	0.27590857779537026	0.2282696339300113
0.26821131490192923	0.22619561479877384	0.2798876264750854	0.2257054438242115
0.2687343605952851	0.22581471238128686	0.2770241596792367	0.2284267673441913
0.2692022467785161	0.2259701163772532	0.277579940526451	0.22724769631777966
0.26895191736736773	0.22696116882069628	0.27847460981885624	0.22561230399307974
0.2664698297336108	0.2270242944641444	0.2791518916859596	0.2273539841162852
0.2682328216508557	0.22538523150631581	0.27868201959040906	0.22769992725241942
0.2686265428695352	0.22723830947812598	0.2767718648229422	0.22736328282939666
0.26910100771995993	0.22770935234840003	0.27638635158229713	0.2268032883493429
0.2668578150272019	0.22652551095427143	0.2808189972062932	0.2257976768122335
0.26726786172513656	0.22548480516147953	0.2785072766597016	0.2287400564536823
0.26885559686384214	0.22829167740273126	0.277689844296389	0.22516288143703758
0.26751292555030115	0.22287840789580132	0.2808392966147193	0.2287693699391782
0.26931641466317197	0.2248099935021793	0.2764202118727595	0.2294533799618892
0.26797879837904504	0.22688230457508662	0.27701591589827923	0.2281229811475891
0.2685636657365252	0.22680276105154942	0.2765457482743428	0.22808782493758262
0.2707984489292324	0.2259114009576687	0.2766737169883376	0.22661643312476132
0.267443828700535	0.22679737119054452	0.27648864062879475	0.2292701594801257
0.2676969385507672	0.22635636150062405	0.27922325820424343	0.22672344174436532
0.271850344716542	0.22452683812228288	0.27753706983620474	0.22608574732497036
0.2688126936465532	0.2279896084015926	0.2762310585152967	0.22696663943655754
0.26854649457318863	0.22713405690818422	0.2773173951305368	0.22700205338809035
0.27101933705707293	0.2256967351306974	0.2770887393528903	0.2261951884593394
0.2687214309860811	0.22880932433822773	0.27831180093184593	0.22415744374384525
0.26589480939427046	0.22683511632852082	0.2771867048929103	0.2300833693842984
0.2695194534846219	0.22649309525903774	0.27836661095962706	0.22562084029671328
0.2698669173594994	0.22571902817356562	0.2771159552278269	0.22729809923910807
0.2686016642149867	0.22712070315644645	0.27883285397501484	0.225444778653552
0.26686686247862873	0.22617742901816376	0.27871056361696844	0.2282451448862391
0.26798475638746866	0.22696451690768252	0.27753761529627763	0.22751311140857125
0.27007069107121906	0.22394550041065353	0.27934706089405137	0.22663674762407604
0.26732086406743943	0.2268030675564922	0.2798559887600984	0.22602007961597004
0.2683334677922097	0.2265069784156833	0.27933464858561485	0.22582490520649218
0.2682214245340498	0.228398188318028	0.2774633516116482	0.225917035536274
0.26850694699698596	0.22514151290156584	0.27920311695949424	0.227148423141954
0.2698865924282692	0.2244283863032353	0.27746418033927095	0.2282208409292246
0.26714910186239577	0.22710208279763436	0.2783602101164456	0.22738860522352422
0.2689934946275857	0.22627000950222936	0.2776185951319348	0.22711790073825014
0.2685886371148408	0.2253773550258915	0.2780711741158324	0.22796283374343532
0.26898047722342733	0.22660784428680308	0.27726153485372573	0.22715014363604386
0.269938920861723	0.2263162150044468	0.2774800996670415	0.22626476446678867
0.2679587092246283	0.22754521661573554	0.2770532071995672	0.22744286696006902
0.26876653925316085	0.22703616583357836	0.27605116142311087	0.22814613349014995
0.2668462818191187	0.22750761892142574	0.27785139054517616	0.2277947087142794
0.267633105289015	0.22601318404129728	0.2783093923462167	0.22804431832347097
0.269017119071349	0.2264905903734537	0.27810429735592423	0.22638799319927302
0.2681058188609326	0.22543858359190036	0.2804508624619502	0.22600473508521682
0.2654118850961187	0.2261457495797091	0.2796433009282947	0.2287990643958775
0.26786697702423873	0.22494070652852327	0.2771483328070961	0.23004398364014186
0.2700115095045048	0.22525639803825262	0.27837606023062994	0.2263560322266126
0.26746751295450716	0.22760354444110556	0.27627731073959794	0.2286516318647894
0.2676648337492363	0.22792217830090764	0.2782280325950136	0.2261849553548425
0.2691633303135685	0.2256714106198311	0.27831029544989627	0.22685496361670418
0.2659530731506769	0.22637506240272517	0.27824273925938975	0.22942912518720818
0.26980092558583707	0.2288400793359289	0.27739660618526407	0.22396238889296996
0.26666666666666666	0.2257796410709032	0.2796116504854369	0.22794204177699323
0.2701050998302008	0.2259719538614673	0.27689706657298435	0.2270258797353475
0.2668386945430021	0.2277512242324722	0.27828930006157815	0.22712078116294754
0.266304347826087	0.22773136435841618	0.2786374066011649	0.22732688121433195
0.2686353211009174	0.225358739120207	0.27966948953187487	0.2263364502470007
0.26856737986464246	0.22734753824920845	0.2791952351782011	0.224889846707948
0.26736750919488755	0.22693936880125096	0.2777039576557992	0.2279891643480623
0.26462471390828873	0.22711450291795146	0.28001295231927464	0.2282478308544851
0.266957559429245	0.22697688720340287	0.27956453939132153	0.22650101397603062
0.26860452329460066	0.2262893588944687	0.27868479894432024	0.22642131886661046
0.2674374163959488	0.2262637992620794	0.2780064384306693	0.22829234591130254
0.2676420720299345	0.2261605472404116	0.2785240294667914	0.22767335126286248
0.26845642513496637	0.22761761357376326	0.2781078996657975	0.22581806162547285
0.26862362343928403	0.22771905270524107	0.277684063202092	0.22597326065338294
0.2696194066594649	0.22565900188863658	0.2797460261469609	0.22497556530493765
0.26862155498489204	0.2260632265899929	0.27797165704586524	0.2273435613792498
0.26720594377156925	0.22606408311901466	0.2783212069256076	0.2284087661838085
0.26623110277745227	0.22579251142622758	0.2786681120356264	0.22930827376069376
0.2675452419869093	0.22655076117948003	0.2776527672923706	0.22825122954124002
0.2696464702203583	0.22761284626420925	0.2766729205753596	0.22606776294007283
0.26814693949550183	0.22484124184159462	0.27843682013288645	0.22857499853001706
0.2729235038875796	0.2259054499533784	0.27679272850084063	0.22437831765820135
0.2668466974382306	0.22659661121425373	0.2781695566986857	0.22838713464882993
0.26911814228612424	0.22514238861476743	0.278949911418908	0.2267895576802003
0.27010227763582717	0.22780018888783138	0.27508803783613617	0.22700949564020528
0.269264451558303	0.2266843286602642	0.27646171394929536	0.22758950583213747
0.26992350435538787	0.22593482394210504	0.2770498327118369	0.22709183899067018
0.26752566704909836	0.22754684788044596	0.2779322213396876	0.2269952637307681
0.2680766330646637	0.22773226743973235	0.27680290485289055	0.22738819464271334
0.27060072077649294	0.2263591943222269	0.2774178808581515	0.22562220404312866
0.26705539787349813	0.2262900925013603	0.2793055780232062	0.2273489316019353
0.2682007785410054	0.22852597702497635	0.27779691955809366	0.22547632487592462
0.2681514083211281	0.22530930073378425	0.2788968948487904	0.22764239609629722
0.2683584084117159	0.22823094037050906	0.2767657187332496	0.2266449324845254
0.26710178938105017	0.22723672631270167	0.27830008800234673	0.22736139630390143
0.2693799159928748	0.22678991621278874	0.27824244778876533	0.22558772000557115
0.26761950975634863	0.22639581219580338	0.27783169379622685	0.22815298425162114
0.26665737691692765	0.22579225674912543	0.27919853906462	0.22835182726932696
0.26735145107915775	0.22719418982633907	0.2767153776320028	0.22873898146250038
0.2689830334792347	0.2243928503462107	0.27678558358097527	0.22983853259357936
0.2675706015716141	0.22615248031813812	0.2787523937399573	0.22752452437029047
0.27032669744464377	0.22667392007527862	0.2776854765195401	0.22531390596053755
0.2689151563682312	0.22433717060556416	0.27859037180155893	0.22815730122464573
0.26547074051864095	0.22501499173626244	0.2796214769419783	0.22989279080311828
0.26820476899279105	0.22737355164463124	0.27883577036453316	0.22558590899804454
0.2687818040503879	0.22744937015148628	0.27672273467173086	0.22704609112639498
0.26960863499522725	0.2250238637198032	0.27797195095087746	0.2273955503340921
0.2673598053312687	0.22569774729934006	0.277100615713601	0.22984183165579028
0.27028155396695186	0.22428366342435252	0.2791002578225712	0.22633452478612445
0.2671656840881156	0.2259562660543031	0.2786033400310598	0.22827470982652154
0.26729447175972937	0.2263020624054822	0.2778001008189715	0.22860336501581688
0.26998055688029643	0.2253714369566015	0.2766058916321215	0.22804211453098058
0.26899819029823296	0.22493268792207982	0.27880441979195786	0.22726470198772933
0.2698282611718047	0.22580692370171446	0.27857984355448884	0.225784971571992
0.2675974617350686	0.22707041922500662	0.27891536179088694	0.22641675724903787
0.2689634397225651	0.22565097278551696	0.2789117145712103	0.2264738729207077
0.2678585833400556	0.2267843916604944	0.27915196937585707	0.22620505562359292
0.2677175717074526	0.22482836273771487	0.27888221918389133	0.22857184637094122
0.26925218716569704	0.22873283606148975	0.2759858731810255	0.22602910359178768
0.27048047518231005	0.22405022347682899	0.2776479063749706	0.22782139496589038
0.2681116782630441	0.22712228416763508	0.27656992394933877	0.22819611361998204
0.268202364650971	0.22618784693081262	0.2771544679535315	0.22845532046468484
0.26829142848745796	0.22541182348532718	0.2771450823646971	0.22915166566251782
0.2672363708568361	0.2268766041315811	0.2799076314376696	0.22597939357391322
0.2691062673087181	0.22657157680138543	0.27759712976697626	0.22672502612292023
0.26854527228233627	0.22636878261638707	0.27736091045788247	0.22772503464339416
0.26858678224454385	0.22781483135538	0.27620818660360646	0.2273901997964697
0.26909503495936754	0.22568500467844013	0.2797338814844285	0.22548607887776378
0.2697124609998682	0.2265010473274839	0.275608255577202	0.22817823609544596
0.2705311166691187	0.2243195527438576	0.2774753567750478	0.22767397381197588
0.2686641734568672	0.2271955798182259	0.2752253807777933	0.22891486594711358
0.2694217677050485	0.2270416433350034	0.2761044472606171	0.227432141699331
0.26869356296334396	0.22610082070196835	0.2771283513221604	0.22807726501252729
0.2696468997148149	0.22560491576750066	0.2778202452003646	0.22692793931731986
0.26912555280933487	0.22556087686745044	0.27775047855136453	0.2275630917718502
0.27122721320640897	0.22336575102623332	0.27713449173863786	0.22827254402871983
0.2670953045778529	0.2262105959291645	0.277316481740025	0.2293776177529576
0.2681387086355228	0.22686231905335175	0.27794579675250314	0.2270531755586223
0.2673949023502152	0.22656221265953141	0.2775902019198941	0.22845268307035935
0.2685276988271238	0.22502772453198785	0.27839102239260877	0.2280535542482796
0.26913672435503233	0.2238132888225131	0.2800228410788017	0.22702714574365282
0.2688092806070334	0.2271851743761856	0.27642638260615787	0.2275791624106231
0.2689006767880007	0.2261203585147247	0.2782147430034754	0.22676422169379915
0.2673444406165935	0.2268612518049946	0.278317341875142	0.2274769657032699
0.26926508879201894	0.22392557268658025	0.2781662327023785	0.22864310581902225
0.26957047435084563	0.22440613987230718	0.2787935534289801	0.22722983234786712
0.26708238187247496	0.22710638796182447	0.2784486796650858	0.2273625505006148
0.2691364931212413	0.22551581488815117	0.2787939905633295	0.22655370142727801
0.27012547374618245	0.2240129521286382	0.2803694300327483	0.2254921440924311
0.26833499238786745	0.22892024827263147	0.2764155638833587	0.2263291954561424
0.2702845177256154	0.22590092398705539	0.27939259931762606	0.22442195896970318
0.26912878370536863	0.22548349896799688	0.2781119851920407	0.22727573213459376
0.26865836424659956	0.22498233527645292	0.2778734616969911	0.22848583877995643
0.2689079336145942	0.22692460346627075	0.2773972099313508	0.22677025298778425
0.26923500922339727	0.2253669148287241	0.2775397414509029	0.22785833449697576
0.2681864264829045	0.22593631995768376	0.2768553754830368	0.22902187807637492
0.26682559653886057	0.2263794156384051	0.27833329654401107	0.22846169127872326
0.26842768593518523	0.22682950198630591	0.27706572129806384	0.227677090780445
0.26757161525247036	0.22806025812324723	0.2768217657509507	0.22754636087333166
0.26779192722302647	0.2266050394233101	0.277249112699964	0.22835392065369947
0.267579271873165	0.22633587786259543	0.2785378743394011	0.22754697592483852
0.26728610370196676	0.22739396781663102	0.27787466658850424	0.22744526189289796
0.26851285076883363	0.22642427818134886	0.2777019801615104	0.2273608908883071
0.26670970487040857	0.2264054052071336	0.27947444484385203	0.22741044507860586
0.26837114550357605	0.22759115957322076	0.27860827764098955	0.22542941728221363
0.2663957913917503	0.2269327416202554	0.2782986289694494	0.2283728380185449
0.26738314317261686	0.2260875966139124	0.27681266102318736	0.2297165991902834
0.2652000974105041	0.22807341209808943	0.27834313588027365	0.22838335461113285
0.269209532433686	0.22742231154891004	0.2760709999926379	0.22729715602476608
0.26720035415206406	0.2274025159552883	0.27693215774523183	0.2284649721474158
0.27041232642079494	0.2250115780729676	0.27766791881381725	0.22690817669242022
0.26576168929110106	0.2292830077622043	0.27817385866166355	0.22678144428503108
0.26828374615271877	0.2256851824710538	0.2770115784845376	0.22901949289168988
0.2673939179371437	0.22558803354501802	0.2785092086532575	0.2285088398645808
0.267455525685661	0.22534631939241698	0.27891381311239405	0.228284341809528
0.2695841712046265	0.22388410221785143	0.2788313346739274	0.22770039190359465
0.2677495185019736	0.22505547296654047	0.2805211163431049	0.22667389218838108
0.2690309019516254	0.2239625147795116	0.2790517757309472	0.22795480753791583
0.26872737399053187	0.22763780797021793	0.2781808321974527	0.2254539858417975
0.2669180101808793	0.22536564613375973	0.27840450657942994	0.22931183710593103
0.2689473064815087	0.22640413074818325	0.2782664979846421	0.22638206478566594
0.2673828642018883	0.22655813406276656	0.27870672666843144	0.22735227506691374
0.26870177546878093	0.22867129280213377	0.2766008895662815	0.2260260421628038
0.26823909768911425	0.22712810904147837	0.27794555273889565	0.22668724053051179
0.2709547797649164	0.22583720128760715	0.27675487802195387	0.22645314092552263
0.26995637350148477	0.22646918649411593	0.27872566631227774	0.22484877369212156
0.26936002284325283	0.22631659869822746	0.27748694932751516	0.2268364291310046
0.26843729336566013	0.22547939166850342	0.27810594372198955	0.2279773712438469
0.2674793701180845	0.22649148718853104	0.2781121178052598	0.22791702488812468
0.2680533348979801	0.22628459947486543	0.27826265530341926	0.2273994103237352
0.267597666867461	0.2274804225496966	0.27826425517535225	0.2266576554074901
0.26856278233410813	0.22542139964621435	0.2773781851673172	0.22863763285236027
0.2694538922508356	0.2266810960437004	0.2769556959229648	0.22690931578249923
0.2678936455486603	0.22641716793540778	0.2784514276084902	0.22723775890744174
0.2690767184296203	0.22791377903857601	0.27870418684637943	0.2243053156854243
0.2701437474278323	0.22597595390675523	0.2762655064965606	0.22761479216885178
0.26632840650047795	0.22943598794028972	0.27451283182586955	0.22972277373336275
0.263885110044047	0.22690472163599062	0.2807391665624931	0.22847100175746923
0.26540714704159346	0.22844903339191563	0.27889572349150554	0.22724809607498536
0.26548207031592486	0.22471286202764706	0.282060087091212	0.2277449805652161
0.26950037394964144	0.22568227478699535	0.28026425774662345	0.22455309351673974
0.26948327911134556	0.22425188311497993	0.278730326211202	0.22753451156247254
0.2686103398122438	0.22693816386795362	0.2794011782508411	0.22505031806896147
0.26882928118393234	0.22617894056847546	0.27799066243833687	0.22700111580925533
0.26900744234028445	0.22394075602387445	0.27889617566870534	0.22815562596713582
0.2692794489904044	0.22585653735209277	0.2795372932242303	0.2253267204332725
0.26827300399750614	0.22715370227747828	0.2801188249532402	0.2244544687717754
0.2687816942236704	0.22493266697489414	0.27863763457431584	0.22764800422711962
0.26817462874549663	0.22650185993380392	0.2797809085849858	0.22554260273571367
0.26855399616111636	0.22553076580620207	0.27805632795451724	0.22785891007816433
0.2682898193398788	0.22774769221737917	0.2773815289335036	0.22658095950923846
0.2705005480453051	0.22662038728534892	0.27690171720862256	0.22597734746072343
0.2675529491306201	0.2245763334656143	0.27867189911371754	0.22919881829004807
0.26981279879347836	0.22497089852186455	0.2779685337979808	0.22724776888667628
0.2676372437566467	0.22591220800176023	0.2796875572994976	0.22676299094209543
0.26955893408462217	0.22521878124794723	0.27737593880693967	0.2278463458604909
0.2690957591036004	0.22615915636427592	0.2783807353232154	0.2263643492089083
0.26760553065588655	0.2265137534053959	0.27878841140111904	0.2270923045375985
0.27038403156142526	0.22543979936789152	0.2779663999882671	0.22620976908241608
0.27062352846255966	0.2255220519741523	0.2788898098095161	0.22496460975377192
0.2685572771702207	0.2258578243368618	0.27830984680795107	0.22727505168496642
0.2699827192314451	0.22568244391072578	0.2791649581161033	0.22516987874172573
0.2681113733999971	0.227050129759688	0.2776270838526165	0.22721141298769848
0.26856684948023113	0.22655893899516255	0.27888135742747494	0.22599285409713135
0.26866735757388666	0.2254562560178754	0.2771125958266264	0.2287637905816116
0.26792405787323914	0.2238224790455169	0.27907044959557664	0.22918301348566736
0.26862424832819404	0.2252195504251844	0.2782266038717049	0.2279295973749167
0.26775280981038807	0.22676650603643064	0.27935036160084237	0.2261303225523389
0.2674116767125698	0.22827665097452593	0.2780295364218986	0.22628213589100563
0.2663009599800524	0.2266843653057782	0.27909091575790024	0.2279237589562692
0.2669829583785528	0.22675475904144546	0.28044613263719825	0.2258161499428035
0.2691858715044014	0.22648615709912118	0.2770121946742825	0.22731577672219488
0.2680033453649089	0.22601021216656395	0.27977814948498986	0.22620829298353728
0.2688276013624876	0.22675163901402776	0.27646778742262756	0.22795297220085706
0.2690012229325483	0.2249756511932746	0.27857964073610286	0.22744348513807422
0.26761307749900903	0.2260962755259333	0.2772802677745643	0.22901037920049327
0.27010771662806515	0.2246608580566891	0.2775265615234734	0.22770486379177235
0.2680658659377542	0.226690800899904	0.27767314724569286	0.22757018591664896
0.2673331230792927	0.22521874977079864	0.27949363003601213	0.22795449711389656
0.2685653699912255	0.22506580871599882	0.27864141561860195	0.22772740567417374
0.27034484783103263	0.2261802543610518	0.2766048010098119	0.22687009679810366
0.26764072525227284	0.2246312370005071	0.27873852553596495	0.22898951221125508
0.26861653217204523	0.22596567628603587	0.2784001883169905	0.22701760322492845
0.26511038328240977	0.22525077118091427	0.278357842598495	0.23128100293818096
0.26811222621053404	0.22526554831147902	0.28010402168339316	0.2265182037945938
0.267543410523852	0.226729472344534	0.2781564973156424	0.22757061981597157
0.2663565755408311	0.22777070809016045	0.2775096172129829	0.22836309915602557
0.26773947372283124	0.22650758009363214	0.27992045671348276	0.22583248947005385
0.2690184432405413	0.22836098471761773	0.27550922897110386	0.22711134307073708
0.269108315380034	0.22433658576039883	0.2793950044484967	0.22716009441107052
0.26908866995073893	0.22555272108843538	0.27941737039643444	0.22594123856439127
0.26682597448151885	0.22550825039096184	0.2789275222519402	0.22873825287557914
0.2692919737469292	0.22520441462252044	0.27810655226781067	0.2273970593627397
0.26895609239992946	0.22636366308117323	0.27854434843942866	0.22613589607946863
0.2684941904595084	0.2254189291761546	0.2767414024639458	0.2293454779003912
0.26788291753672566	0.2240026376524893	0.28148880829395173	0.22662563651683335
0.27013402009207044	0.22684925110710663	0.27591213184600455	0.22710459695481838
0.2680494937471528	0.2255360108157357	0.2799820717424209	0.2264324236946906
0.2703519205307702	0.22582603670624035	0.2772425698757196	0.22657947288726984
0.2683580265995422	0.22583850383095233	0.27785260585719856	0.22795086371230688
0.2694263479055508	0.2242726173982254	0.2805397517908204	0.22576128290540343
0.26771353376293006	0.2273490363397773	0.27868804386871643	0.22624938602857625
0.2695950251598585	0.2268708753579878	0.27618712782087057	0.22734697166128312
0.267187442426029	0.22668484468845573	0.27757839271896534	0.22854932016655
0.26980081324768695	0.22454917791266427	0.2781469149625788	0.22750309387706996
0.2699147560258671	0.22494121105232218	0.27769694297472075	0.22744708994708995
0.2665864696950804	0.22468844210047606	0.2814473597347632	0.22727772846968042
0.2691567587342235	0.22355222242546186	0.2782732760197549	0.22901774282055973
0.268297514839789	0.22453756355978838	0.2808737315557382	0.22629119004468445
0.2674225885823179	0.2267254660017669	0.27892204463979325	0.22692990077612202
0.26849519681349576	0.2265917877225867	0.27763296626054357	0.22728004920337394
0.26884990597085096	0.22453866948754114	0.2782087447108604	0.22840267983074752
0.2688078237027697	0.22504142046537542	0.2786534316672287	0.2274973241646262
0.2695429460459109	0.22725004403217283	0.27694768977866496	0.22625932014325134
0.26853599947108214	0.22503250640945588	0.278578092516547	0.22785340160291492
0.26759758946158296	0.2269801635827103	0.2795404453491693	0.22588180160653745
0.26991338813857896	0.2243761009982384	0.2794920728126835	0.22621843805049913
0.267951245611592	0.22506761263275163	0.2786080226328249	0.22837311912283145
0.2670142499377572	0.2273179947569602	0.27908935135689283	0.22657840394838974
0.2683955734907464	0.22706000395485604	0.2778799042045979	0.2266645183497997
0.26783002882732215	0.2268262805419243	0.27798927594275613	0.2273544146879974
0.2678080836941471	0.22604892415217917	0.27874605302680644	0.22739693912686726
0.2687926940639269	0.22527123287671233	0.2773844748858447	0.22855159817351597
0.2674334852271057	0.22613552844333382	0.27979567837718655	0.22663530795237397
0.2684158227755615	0.22608975202022416	0.2797846068417284	0.22570981836248594
0.26903412004277827	0.22649027967008015	0.2767034383744268	0.2277721619127148
0.270095285527	0.2261072090349136	0.2767308495133187	0.22706665592476766
0.26949531171923224	0.22816789629934453	0.2749625231474677	0.2273742688339555
0.26978819925177483	0.22575632603764692	0.2774030105753086	0.2270524641352697
0.2691394854988868	0.2243245427758959	0.2785595144496778	0.22797645727553953
0.2689024345409225	0.22635127682884684	0.2773656076058264	0.22738068102440423
0.2697251756741842	0.22503954968544204	0.27835620470181377	0.22687906993856002
0.2698314056354092	0.22650572460483412	0.2771279006857828	0.22653496907397389
0.2686821375345966	0.22631466893761976	0.2775285765675817	0.22747461696020205
0.2701428038695242	0.2262706473336697	0.27636533807152625	0.22722121072527987
0.2667236715047066	0.22595292678072548	0.2799109545116135	0.22741244720295442
