A	C	G	T
0.32763846385299017	0.27976780197118806	0.06616616396233754	0.32642757021348423
0.32809315012245016	0.2757255356278688	0.06592512208355941	0.3302561921661216
0.33074996316487404	0.2767938706350376	0.06612641815235008	0.32632974804773834
0.33147250740157014	0.276421027824012	0.06608386973236512	0.3260225950420527
0.3308016320300575	0.27638839967124573	0.06580955735587649	0.32700041094282023
0.33007077469197177	0.2772070141328443	0.06670201718919158	0.32602019398599236
0.3297929501475773	0.2775998998976896	0.0656332575205541	0.32697389243417907
0.3295532166491616	0.27838943525938115	0.06481773912788008	0.3272396089635772
0.32855769301342413	0.2773345468157097	0.06810425183673768	0.32600350833412844
0.33018036543093826	0.27603401680277306	0.06805563715410376	0.32572998061218494
0.330579602847069	0.27747194346911397	0.06570102843403874	0.32624742524977823
0.3293447545037089	0.27602142941245733	0.0675777110561639	0.32705610502766985
0.32780718350400107	0.27762277401924335	0.06631379795198727	0.3282562445247683
0.33080880567025106	0.27842669669603365	0.06713182744890224	0.32363267018481306
0.3305765734060649	0.2759765968678515	0.06712270514399672	0.3263241245820869
0.32765219956488073	0.2784542202883587	0.06697887090231941	0.32691470924444116
0.3296218564748334	0.2774697153798004	0.0660407231488641	0.3268677049965021
0.33019201840545087	0.27917145975282426	0.0668524909300062	0.3237840309117187
0.32817171835610015	0.2761842645248285	0.06565486310605616	0.3299891540130152
0.3277901695339473	0.28021318728237743	0.06606891779480724	0.32592772538886805
0.33117650947068455	0.27701109748305264	0.06664365401705384	0.32516873902920895
0.328457221866749	0.2754230743772478	0.0664636792209989	0.3296560245350043
0.32839557073860287	0.27899340322770644	0.06703528095182	0.32557574508187065
0.3325467190096011	0.2740358460882478	0.06648728919471278	0.3269301457074383
0.3267830342818699	0.27820288183585806	0.06705554446588448	0.3279585394163876
0.32695276319851807	0.28009820785368794	0.06652552963142651	0.3264234993163675
0.3289451538545973	0.2782627785298745	0.06578610369177856	0.3270059639237496
0.3288304484051569	0.27928648474131035	0.06667742858610391	0.3252056382674288
0.32829895699050743	0.2781041251611391	0.06652847767490917	0.3270684401734443
0.3306834030683403	0.2748146516919915	0.06756955149379726	0.32693239374587096
0.33003067281594106	0.2754374737957058	0.06624445572301785	0.3282873976653353
0.33006346101522915	0.2783313356227342	0.06634360132069506	0.3252616020413416
0.32977972531835426	0.2783136782048643	0.06625150721995118	0.3256550892568303
0.33081942582745366	0.2777916893753038	0.06483377277614931	0.3265551120210933
0.33081920362977474	0.27475951269095356	0.06653359456712285	0.32788768911214883
0.3295207493496253	0.2764737528649652	0.06659984818447796	0.32740564960093155
0.32742593656546015	0.2776255505958958	0.06666077400156156	0.32828773883708257
0.3285698500976023	0.2773378512761961	0.06617804132444477	0.32791425730175683
0.3288085463294045	0.27823393516679173	0.06663576568224959	0.3263217528215542
0.33035891918976074	0.27726894254787676	0.0667216847317501	0.3256504535306124
0.3288617229168809	0.2767819098135441	0.06622195448067118	0.32813441278890376
0.3299281147806617	0.2781501340482574	0.06525645935833603	0.3266652918127449
0.327777123336082	0.27791848274237246	0.06641683354929909	0.3278875603722464
0.32769947531635335	0.2782513484516688	0.06742993195279316	0.3266192442791846
0.33177117711771176	0.27544554455445547	0.0659039237257059	0.32687935460212686
0.3301319907872202	0.2776826315478651	0.06569273017185377	0.3264926474930609
0.32835842842018587	0.27937889660039994	0.0661907422656158	0.32607193271379836
0.33100625372026543	0.2765893341367882	0.0674314185142454	0.32497299362870097
0.3273278577526568	0.27781948246931026	0.06614854720480438	0.3287041125732285
0.33188618017792626	0.2759107866871721	0.06580622373968903	0.3263968093952126
0.3294751839720333	0.2792188716381957	0.06628134134339977	0.3250246030463712
0.32701536564962796	0.27673579007616783	0.06677526820176403	0.32947357607244016
0.32823527678321474	0.27813876733118215	0.0666209904374604	0.3270049654481427
0.3273865827815541	0.27828739450200546	0.0675993752612244	0.32672664745521607
0.33095641584318214	0.27528959511704854	0.06645831957802378	0.32729566946174554
0.3292965009208103	0.27811418047882136	0.06688766114180479	0.32570165745856355
0.3276811210221084	0.278238982601784	0.06750272307103536	0.3265771733050723
0.3298897919924815	0.2771132991181891	0.06519233169599918	0.3278045771933302
0.329720123084154	0.2775121725528212	0.06713080261737425	0.3256369017456506
0.32990750256937307	0.2752606078402584	0.06672294817207458	0.32810894141829394
0.3290728476821192	0.2782487122884474	0.06609271523178809	0.3265857247976453
0.32803233510931473	0.2765607201910711	0.06706595627411353	0.32834098842550064
0.32901064103980265	0.2771972458485217	0.06604808719025002	0.32774402592142565
0.3277774914785067	0.27823871960421986	0.06594126611353647	0.32804252280373697
0.3302509034286218	0.2766915415577166	0.06587683990951024	0.32718071510415137
0.327726090215618	0.27661419521730823	0.0672648705851228	0.328394843981951
0.32973638790954285	0.2774565194943132	0.06532033220729026	0.32748676038885366
0.3297354170345518	0.2776723173818353	0.06565277532521042	0.3269394902584025
0.32954886722383775	0.2785318224767988	0.06571786438915055	0.32620144591021294
0.3300530291329259	0.2770238962070563	0.06667255062038938	0.32625052403962845
0.3279300918796649	0.2780262450173518	0.06645986988012172	0.32758379322286163
0.3292818329546541	0.2766932109794925	0.06645637100272796	0.3275685850631255
0.3298098495715179	0.2765309500165508	0.06626944720291295	0.32738975320901836
0.33127319492926693	0.2765901157449936	0.0658166452324086	0.3263200440933309
0.32832298319885533	0.2789299780213296	0.0677651084920272	0.3249819302877878
0.3283631446670292	0.2780170196504946	0.06744661150222667	0.3261732241802496
0.3290469930747821	0.27819107138922955	0.06533792566590046	0.3274240098700879
0.32868966226289004	0.27681371217072653	0.06712148695390355	0.3273751386124799
0.3275865870058864	0.2775413920059966	0.06641092910631481	0.3284610918818022
0.32955498962182217	0.27892273041762966	0.0666190693497814	0.3249032106107668
0.3300269589169548	0.27761823829338333	0.06615923342905702	0.32619556936060484
0.32830791320528036	0.2774017259314609	0.06626814938537501	0.32802221147788374
0.32959509346825316	0.2754702828315512	0.06742804194672825	0.32750658175346736
0.32920826784146173	0.27875554374857026	0.06691608923129146	0.32512009917867657
0.32966670333296666	0.2791918747479192	0.0666739999266674	0.32446742199244677
0.3285746807370037	0.277485257723631	0.06601896117438846	0.3279211003649769
0.32997503304449993	0.27662652371860774	0.0669040975179909	0.32649434571890146
0.3294193957352085	0.27923106973590134	0.06571877142162175	0.3256307631072684
0.32989607492000117	0.2770454745618413	0.06679534979303056	0.326263100725127
0.3298194435236138	0.27792142736119396	0.06656500696147981	0.3256941221537124
0.32995434326232803	0.2758709279621827	0.06636375647782491	0.3278109722976643
0.33103976661608053	0.27803480131425795	0.06789350385289741	0.32303192821676413
0.3299607015074198	0.27703237726552876	0.06676344653645375	0.32624347469059767
0.3284467380691954	0.27795599861991	0.06708852396438193	0.3265087393465127
0.32813074085504756	0.2785003600664286	0.06592889790279675	0.32744000117572714
0.3282688394031342	0.27808920660343395	0.06651923797488814	0.3271227160185437
0.32982556982733846	0.27634691486304247	0.06670646062240694	0.32712105468721214
0.3297247936136211	0.2757292564198867	0.06705992385244755	0.3274860261140446
0.3277472063242501	0.27731043045749426	0.06637229907942782	0.3285700641388279
0.32840989295377015	0.2784231266909775	0.06591136336901542	0.3272556169862369
0.32891809537795075	0.27880612357281837	0.06710231653144388	0.325173464517787
0.32974813097482775	0.27324084196007364	0.06658058268097813	0.33043044438412045
0.3290083341968528	0.27545778869924353	0.06682160673841281	0.3287122703654908
0.32868027771240294	0.27649888208990353	0.06743498470228289	0.32738585549541066
0.3290059809929182	0.27808314680952556	0.06656881811176751	0.3263420540857887
0.3298837893498088	0.27797146219476315	0.06615916446013534	0.32598558399529276
0.3299710545262199	0.2748130298711412	0.06716231505017706	0.32805360055246185
0.33002001236057565	0.27660466758880486	0.06679125342123075	0.3265840666293887
0.33141753982639965	0.275667948774629	0.06616119191829878	0.3267533194806726
0.33074747474747473	0.27701744719926535	0.06618181818181817	0.3260532598714417
0.3300784259062264	0.2760753299537074	0.06701049836031898	0.32683574577974717
0.3289098688425595	0.27618914361040126	0.06623413922866758	0.3286668483183716
0.33064391571360274	0.275997499356452	0.06650976354208804	0.32684882138785715
0.3307779212395094	0.27731967838488175	0.06711808204706848	0.32478431832854043
0.3279067022704808	0.2770016080728206	0.06787100010327073	0.32722068955342787
0.3295070001990578	0.27803950191316656	0.06603557973739116	0.32641791815038446
0.33134875368888955	0.27818458798507517	0.06599892553042735	0.3244677327956079
0.3284236019374725	0.2775282548069866	0.0666446499339498	0.3274034933215911
0.3283347300019112	0.27768711683500197	0.0668783722195269	0.3270997809435599
0.3283576610179447	0.277196099738612	0.06717524743751652	0.3272709918059267
0.3287653085256712	0.27779822185586434	0.0668496820536976	0.32658678756476683
0.32862761211552005	0.2778454449401268	0.0668657548720357	0.3266611880723174
0.32866147625791586	0.2771854384819155	0.06603462066232746	0.32811846459784116
0.3284761197213661	0.2766919947921647	0.0686728111277023	0.3261590743587669
0.32882992087805524	0.27829325810504046	0.06547947016948405	0.3273973508474203
0.328692809020065	0.2761221931425807	0.06671211887952964	0.32847287895782473
0.32751962219459624	0.2799997057590314	0.06697660048696881	0.3255040715594036
0.32914334468479467	0.27910620113416545	0.06588751020528247	0.3258629439757574
0.33035870643862003	0.27802667678477616	0.06646576381997549	0.3251488529566283
0.3279582537115978	0.2776054681758048	0.06639717771571366	0.3280391003968837
0.3304536431144769	0.27653848981692525	0.06623777663407103	0.32677009043452687
0.3302567039680442	0.2768158721766969	0.06745087672922724	0.32547654712603163
0.32941531931200163	0.2757004524753497	0.06645639582013	0.32842783239251866
0.3286673637394519	0.27676244054018234	0.06655817857826606	0.32801201714209977
0.3294172035751501	0.2758266433802486	0.06659377430764489	0.3281623787369564
0.32794666981647447	0.27868416778632493	0.06663319995865877	0.32673596243854186
0.3304493830057117	0.27679324275774086	0.06634063363810334	0.3264167405984441
0.32956933158969687	0.2783769487341493	0.06623124733679121	0.32582247233936257
0.32659618268976265	0.27790194982795635	0.06738376025644796	0.328118107225833
0.3296889504471982	0.2763714323603519	0.06623248412335893	0.327707133069091
0.3288008525963765	0.27887251479181213	0.06520892286207784	0.3271177097497336
0.32998264603800226	0.27627360432966647	0.06687158068121654	0.32687216895111476
0.3295442020412812	0.27799046226422025	0.06655105774812442	0.3259142779463741
0.3291419521815956	0.27762828925662253	0.06690324141622248	0.32632651714555944
0.33017767967793266	0.2802029786828385	0.06456012730165947	0.3250592143375694
0.32969226382400035	0.27909748269029705	0.06638737177659333	0.3248228817091093
0.3293220338983051	0.2769417833456153	0.06726602800294768	0.3264701547531319
0.32968439638048996	0.27553152357831234	0.06645332156256897	0.3283307584786287
0.3290828693569949	0.27716648793171833	0.06711374887984604	0.3266368938314407
0.3298023738611189	0.2767352807406212	0.06655760794612597	0.326904737452134
0.33017769788412804	0.27888695703424293	0.06602522543761419	0.32491011964401484
0.32923228346456695	0.27732400987190037	0.0656363850041133	0.32780732165941945
0.3304846450549127	0.2756087506992904	0.06718340547065925	0.32672319877513767
0.32925370047566993	0.27758737849735576	0.06609891570892545	0.32706000531804885
0.3288219666026391	0.27620162055946834	0.06652242068310776	0.32845399215478477
0.33103163361661947	0.27734743862134087	0.06663125590179414	0.3249896718602455
0.32933238270942516	0.27720487170252334	0.06540929504377035	0.3280534505442812
0.32992768526504346	0.27830484235977504	0.0657024702005794	0.3260650021746021
0.32913145763556545	0.2762830989321861	0.06700037377150102	0.3275850696607474
0.33113218609832606	0.2762745155521679	0.06704582099615959	0.32554747735334644
0.32828070795678016	0.2784836231595849	0.06700252631268827	0.32623314257094665
0.32989516525980944	0.27733821141795045	0.06701489138180562	0.3257517319404345
0.33050404901477654	0.2753256496443781	0.06635088519333034	0.3278194161475151
0.3286353104384657	0.2750630912498709	0.06672914299207486	0.32957245531958856
0.32977443941886975	0.27625821779840476	0.06645810121818946	0.327509241564536
0.3277060502536344	0.27916056612981943	0.06603368975257702	0.32709969386396914
0.32836325423828455	0.2775552795761348	0.06604154878344515	0.3280399174021355
0.3309278426352997	0.2779481973532246	0.06686087142026939	0.32426308859120634
0.3281318745783592	0.28004282404012554	0.06615727568709119	0.3256680256944241
0.32875688117106355	0.27887526296885423	0.06690953871414644	0.3254583171459358
0.3311634998827117	0.27757007975604037	0.06619458128078817	0.3250718390804598
0.3292163198610324	0.27682376581602985	0.06577407459204028	0.3281858397308975
0.32893088250468006	0.2779808670273139	0.06689170265768488	0.3261965478103212
0.32961364585546704	0.2767125094335475	0.06639019350678849	0.32728365120419695
0.3302163941185566	0.27696091063710726	0.06569869751209348	0.32712399773224266
0.32921116869598366	0.2758966990917554	0.06668523717718466	0.3282068950350763
0.3305837376856345	0.2772533450963094	0.06507866490222027	0.32708425231583593
0.32732534226452786	0.2773077149068688	0.06610993595393384	0.32925700687466947
0.32840114781840923	0.2786623500846148	0.06508719005224045	0.3278493120447355
0.3302398660802784	0.27600384725515964	0.06665149301400136	0.32710479365056055
0.32974828878927714	0.2785256809995085	0.06579265921779512	0.3259333709934193
0.3305822108753705	0.274363940487719	0.06637174633917305	0.3286821022977375
0.32846887657609136	0.2761452254299437	0.06674733106587674	0.3286385669280882
0.3302740842443777	0.27485517514812885	0.06682134230060427	0.3280493983068892
0.32899111651737994	0.2793615688009142	0.06671089977514837	0.32493641490655756
0.3299161230195713	0.2762656764828907	0.06575867205788466	0.32805952843965336
0.3289187790998448	0.2779321557904072	0.0667799866972138	0.3263690784125342
0.329595720604876	0.27630902170558586	0.06678472232427587	0.3273105353652622
0.3283695084931386	0.2769476152325231	0.06653387332691417	0.3281490029474241
0.33113986662544714	0.27704662220848236	0.06645173637179996	0.3253617747942705
0.3268457904442828	0.2777594098760534	0.06761591982778255	0.32777887985188126
0.32716996366572465	0.2777847102433295	0.06661283811061769	0.3284324879803281
0.3294887963397466	0.27456299859221023	0.06724395823557015	0.328704246832473
0.3291686972959402	0.2778343892605556	0.06634619644676798	0.3266507169967362
0.32782098312545854	0.2796551724137931	0.06680851063829787	0.3257153338224505
0.33090144221929674	0.2763456913606578	0.06680100903869207	0.32595185738135335
0.3290791195541898	0.277131640469924	0.06635691285233271	0.3274323271235535
0.3303590428459264	0.2768951929497575	0.06598962422677009	0.32675613997754605
0.329186167637436	0.2773955016945671	0.06627884798779325	0.32713948268020365
0.3296280241861422	0.27844920689731173	0.06607842128850717	0.3258443476280389
0.32646048109965636	0.2763868433971527	0.06721913261380871	0.32993354288938226
0.3278669261557669	0.2773032717658723	0.06593471156317703	0.3288950905151838
0.3287754772156177	0.27810759577375793	0.06818415600064658	0.3249327710099778
0.3275102436445345	0.27861244511022015	0.06528762978954634	0.328589681455699
0.32860033160228175	0.2777570830685628	0.06646653665519936	0.32717604867395605
0.32734222810306174	0.2782666225603705	0.06523321204101885	0.32915793729554893
0.3312074330671677	0.2766116721465477	0.06566316345702207	0.32651773132926254
0.3294798111603085	0.2789270738644694	0.06570536316453097	0.32588775181069113
0.3284226157657558	0.2781465716869197	0.06653728249123349	0.32689353005609095
0.3277740357864527	0.2767959117931297	0.06671157056256773	0.3287184818578499
0.3308881301171201	0.2767485405881705	0.06608657341116864	0.32627675588354077
0.32956212948289015	0.2774622879614956	0.06650965545577273	0.3264659270998415
0.32961500638475877	0.27774434545214366	0.06742158488793648	0.3252190632751611
0.33062832612978155	0.2760136426450266	0.06519214371820882	0.32816588750698306
0.32779881255800936	0.2778628990674308	0.06652474328564904	0.3278135450889108
0.32879010891963495	0.27635413600235503	0.06705916985575508	0.3277965852222549
0.3291325983882096	0.2768815231272845	0.06582945554364898	0.328156422940857
0.3278246652821351	0.2784749532352378	0.06670054350227564	0.3269998379803514
0.33048864823506907	0.2769300943160249	0.06577843826788106	0.326802819181025
0.3275945577033156	0.27717845977720046	0.06693525897876212	0.32829172354072184
0.3280013507362981	0.2778405837529914	0.06733860903525128	0.3268194564754592
0.328907055531006	0.2763588157313301	0.06664457210192959	0.3280895566357343
0.3307266930276054	0.27717275250907536	0.0660864314799679	0.32601412298335136
0.32882680328775205	0.2757362426744315	0.06587298662047104	0.32956396741734545
0.32692959073973166	0.279089289133028	0.06615318910799228	0.32782793101924806
0.32903136173853276	0.2768007955600728	0.06634298291154513	0.3278248597898493
0.3301734747699701	0.27761091250073255	0.06665006153665827	0.325565551192639
0.3287173031193174	0.2793544919790033	0.0659864095824959	0.3259417953191834
0.3293208793778869	0.2780725603695258	0.06554405659825761	0.32706250365432965
0.32740096236240196	0.27974424889591987	0.0652560806802452	0.327598708061433
0.32859741517156393	0.27968811888450423	0.06574295480217701	0.3259715111417548
0.33066982269399275	0.27729424564085975	0.06496809668029051	0.327067834984857
0.3293834868570507	0.2753533976740607	0.06730128021925678	0.32796183524963174
0.330303007869469	0.2760532725294087	0.06599841574189919	0.32764530385922314
0.3306120647809011	0.2771060412161864	0.06631069532088904	0.32597119868202346
0.33120822395270344	0.27752163714308825	0.06626811674130285	0.32500202216290547
0.3294524072032341	0.27830944505696437	0.0662330025725836	0.32600514516721796
0.32829259327329535	0.27708877044660907	0.06689946700974085	0.3277191692703547
0.3276205601017565	0.2791759490041247	0.06618582320547603	0.3270176676886428
0.33047908800997033	0.2786041567391225	0.06587001942744035	0.3250467358234669
0.3288482912431271	0.2773463664534554	0.06548701227007413	0.3283183300333434
0.329656520524993	0.27906053880862447	0.06697629300842164	0.32430664765796086
0.33104736784262007	0.2752829981316628	0.06622705791845258	0.3274425761072645
0.3288506312751096	0.27948704765961824	0.06622696525232642	0.32543535581294575
0.33003621465413174	0.27602150930972674	0.0671470900245089	0.3267951860116326
0.3296788027434681	0.2769977529410037	0.06608262714975988	0.3272408171657683
0.32841322993772765	0.275290800140994	0.06757431559158736	0.32872165432969097
0.32921877418071144	0.2778617065963139	0.06638319196445021	0.3265363272585245
0.3286124387862235	0.27690285823366595	0.06628341519643473	0.32820128778367585
0.3269239256763715	0.2792064496197019	0.06626895973401203	0.3276006649699145
0.3306496431496431	0.27672721422721425	0.06664619164619165	0.32597695097695095
0.32872603223150215	0.2787466180449359	0.06617603811316315	0.32635131161039876
0.32822936404006114	0.2783723873554221	0.06620040821999985	0.3271978403845169
0.32845602357529285	0.278417171258082	0.06684797748031727	0.32627882768630784
0.3289386705839148	0.276239441792141	0.06669114946749909	0.3281307381564451
0.330367499155765	0.2776358484194453	0.0660485398405497	0.32594811258423995
0.3285885846060901	0.27811300459002863	0.06685380427174738	0.32644460653213386
0.3295942563078572	0.2762243152570493	0.06704644726506581	0.32713498117002765
0.3304637129494386	0.27620649463698194	0.0666578143672819	0.32667197804629755
0.32784218468219795	0.2785469802362813	0.06521659121857863	0.3283942438629421
0.32761355125776465	0.2786392939483384	0.06674302832723908	0.32700412646665783
0.32891147483280536	0.27691247213422504	0.06705385427666315	0.3271221987563065
0.3294959916755822	0.2778567555288497	0.06650740843873199	0.32613984435683613
0.328956603111475	0.2770718797520178	0.06645514095215815	0.32751637618434903
0.329475763651374	0.27739857294492276	0.06779248732161812	0.3253331760820852
0.32678507289826497	0.27736525365957354	0.06614720391722803	0.3297024695249335
0.3284453605827422	0.2781889804212117	0.06782520668128901	0.3255404523147571
0.32861921248753007	0.2783360718267707	0.06614928701367291	0.3268954286720263
0.32866408597095614	0.2764453977185083	0.066204394038446	0.32868612227208954
0.3310344827586207	0.27606100795755967	0.06589301503094606	0.32701149425287357
0.32848764386024376	0.27853995667614684	0.06662147625292877	0.32635092321068065
0.32996502421963037	0.27704037580671126	0.0667978868189601	0.32619671315469834
0.3304078320199179	0.27641948016657	0.06673080736491896	0.3264418804485932
0.3302507767748016	0.2770914017287841	0.06693516323315024	0.3257226582632641
0.32811444349792906	0.2790368063919161	0.06619569368152042	0.32665305642863435
0.3283702095622364	0.2790459691979329	0.06694004049441192	0.3256437807454188
0.32907685098406747	0.27640288191190254	0.06798412605435801	0.326536141049672
0.32953177748422136	0.27832085718479377	0.06617495963599002	0.32597240569499486
0.3298187929270788	0.27986994008475813	0.06625748940523163	0.32405377758293147
0.33003701048874323	0.27698620518146844	0.06558755979461373	0.3273892245351746
0.32894524428007454	0.27900321401840356	0.06651844024714187	0.32553310145438
0.32986940857504077	0.27627357697732374	0.06490108814007703	0.32895592630755854
0.3305787547936266	0.27771871035863294	0.06610988495296197	0.32559264989477854
0.3286347810152098	0.2763716327652556	0.06622686457760675	0.3287667216419278
0.32910390904295844	0.2772519486608451	0.0657270116626619	0.32791713063353456
0.3305133415797844	0.2780011191612181	0.06588325381398362	0.32560228544501385
0.3307718867772056	0.27803939142380674	0.06505241659993682	0.32613630519905085
0.3293532484085765	0.27808340597598763	0.06478503878751474	0.32777830682792114
0.32947654357242495	0.2766757213126789	0.06702885250715807	0.32681888260773806
0.3295033765700501	0.2759328645485808	0.06737008820876808	0.327193670672601
0.32831070078618324	0.2781924417362344	0.06609244099941791	0.32740441647816443
0.3303448529682382	0.27753119134371207	0.06627654484560745	0.3258474108424423
0.3287682298168573	0.27672604972903114	0.06631761371146587	0.32818810674264565
0.3288983853558605	0.27509894192714646	0.06561373365347196	0.33038893906352107
0.32977056560470197	0.27752072559822866	0.0663734065012542	0.32633530229581514
0.3288168471791556	0.27742589680661894	0.06579276088585831	0.3279644951283672
0.3293100660090266	0.27605445377162935	0.06605313065082842	0.3285823495685156
0.3298401905618773	0.27618935242885273	0.06655653802756657	0.3274139189817034
0.3285431666580865	0.27877593345737756	0.06694711450067292	0.325733785383863
0.33037988621765463	0.27566158928243717	0.06628739218205175	0.3276711323178565
0.3283016933263022	0.2777509228335384	0.06585076463350326	0.3280966192066561
0.3283051505889424	0.2782578739436052	0.06676635075605984	0.3266706247113926
0.3287331346439006	0.2773919809727952	0.06732195028849118	0.326552934094813
0.32998258492604104	0.27803128834806634	0.06548655659164224	0.3264995701342504
0.32799548955862107	0.27772896347714027	0.0676932314090736	0.32658231555516504
0.32696557445652574	0.27813548496039114	0.06679539230729699	0.32810354827578614
0.32815814779742636	0.2779111336225565	0.06629375968053322	0.32763695889948397
0.32889539136795903	0.28114850036576444	0.0660936356986101	0.3238624725676664
0.33104014184085395	0.2747140837124792	0.06813636063916302	0.3261094138075038
0.3309898078751299	0.27398613045625053	0.06647358375155682	0.32855047791706277
0.3278381140760458	0.27740317801127967	0.0667147069420649	0.32804400097060965
0.3314099881809706	0.2761762136528142	0.06643615888886442	0.3259776392773508
0.3280817072451807	0.2774347108412427	0.06637976772976478	0.32810381418381185
0.32626039472428753	0.2768721513134234	0.06774461089051502	0.3291228430717741
0.32995476444411753	0.27854069361185685	0.06586002721488728	0.3256445147291383
0.3307145171266162	0.27495361234647897	0.06593673607634082	0.328395134450564
0.3285490432645975	0.27598561034642577	0.06619534911094599	0.32926999727803075
0.3284260041894822	0.27723347175774504	0.06704641505273602	0.32729410900003675
0.3284246625748811	0.2796323280493369	0.06632960951413727	0.32561339986164467
0.3286803243139936	0.27749722510125624	0.06617857851677068	0.3276438720679795
0.3291681961676823	0.2766096468688055	0.06683062917553777	0.3273915277879745
0.331882856241332	0.2777284501419902	0.06528614513087315	0.32510254848580467
0.3295058000719958	0.2767211043278308	0.0658394493053872	0.32793364629478616
0.3290319260010882	0.2777753268334289	0.06567550477198865	0.3275172423934942
0.3289684936147648	0.2769733838063955	0.067026557275633	0.3270315653032066
0.32885787213951634	0.27678268439146025	0.06679994688463638	0.32755949658438704
0.32923321390999843	0.27742016169968586	0.06510656141718961	0.3282400629731261
0.3290065893981291	0.2786668235570983	0.06512914043654762	0.327197446608225
0.32856869188488236	0.27684531616097613	0.06589204403118139	0.3286939479229602
0.32996076356742937	0.2783141559758409	0.06568061249981631	0.3260444679569134
0.3292285138354407	0.2772512369433755	0.06653472603994869	0.32698552318123514
0.33015985214964694	0.2760854999153248	0.06668728324976254	0.32706736468526576
0.3300332211295184	0.27566203917599863	0.06854699726457367	0.3257577424299093
0.3296348553235183	0.2770755922612672	0.06699366924969159	0.3262958831655229
0.3276420263103923	0.27814157217778557	0.06665494711552547	0.32756145439629664
0.3288053276426653	0.27781743257662167	0.066198167703006	0.3271790720777071
0.32980856079131143	0.27685619662356165	0.06672100691002283	0.3266142356751041
0.3296265767821134	0.27716039388274777	0.06605189949807916	0.3271611298370597
0.329901607518421	0.2768961510743753	0.06618328357330902	0.3270189578338947
0.33257559037740014	0.2749503420878393	0.06660045611711911	0.32587361141764143
0.32906742679146034	0.2768774151838846	0.06706680967983661	0.3269883483448185
0.3282760650430432	0.278007504966522	0.06606577882422192	0.32765065116621295
0.3312211095401701	0.27422769528302576	0.06765953394331427	0.32689166123348984
0.3273655402364987	0.27749869062636007	0.06669322297710993	0.32844254616003127
0.3285590913082936	0.27939927983840274	0.06582452647911238	0.32621710237419127
0.32876853150447544	0.27668573358690624	0.06703282985894395	0.32751290504967434
0.3289313959904359	0.2753650910428545	0.06523450432223653	0.33046900864447304
0.3298642333829621	0.275845040317231	0.06687353509146926	0.3274171912083376
0.3296853826665881	0.27719024332763803	0.0657146644670948	0.3274097095386791
0.33057637823161373	0.27673090544209655	0.06596033526148035	0.32673238106480934
0.32834077687018864	0.2765322912381736	0.06580919080919082	0.329317741082447
0.33105555227581324	0.2756656237086014	0.06600891433968947	0.32726990967589586
0.32935401011268206	0.27750995444141047	0.06626971568201724	0.32686631976389025
0.32897286821705424	0.27813013859525487	0.06655214940098661	0.32634484378670425
0.32927833232877113	0.2760904399982359	0.0666833276979845	0.32794789997500845
0.32962143015275625	0.27545568592723785	0.06674784148771308	0.32817504243229284
0.3295769443931277	0.2772953999630519	0.06715684463329023	0.3259708110105302
0.3279799932130369	0.278376145300028	0.06674092981394869	0.3269029316729864
0.3309036504204653	0.2770575532675427	0.06605838609110942	0.3259804102208825
0.32912080645398306	0.2792905321009243	0.06505415056354792	0.3265345108815447
0.32982559423062774	0.27613510927956436	0.06673780263448377	0.32730149385532414
0.3292314048367344	0.2779572986292476	0.06506278311421952	0.32774851341979844
0.32676718487979556	0.278084930323157	0.06576644527273925	0.32938143952430815
0.3285955633906273	0.27802996914940503	0.06613045394446893	0.32724401351549876
0.3296765470924508	0.2764339353682014	0.06644672064896322	0.3274427968903846
0.3292438952633127	0.277390408943807	0.0668652544866137	0.32650044130626654
0.32829464206902637	0.27709859652219965	0.0646938535322329	0.32991290787654104
0.3289871086556169	0.2788802946593002	0.0661731123388582	0.3259594843462247
0.3304505111456106	0.274934825273148	0.06718855268168371	0.3274261108995577
0.32851418070715344	0.2768688053962701	0.06653825433022635	0.3280787595663501
0.3274712347902805	0.2790574568981362	0.06588979156710657	0.3275815167444767
0.32757964951288726	0.27881717913460696	0.06596500980076651	0.32763816155173925
0.33012952302631576	0.2771528430451128	0.06569402020676691	0.3270236137218045
0.329102879934307	0.27852806616223824	0.06640418792891079	0.32596486597454394
0.3275176451598703	0.2778690809843138	0.06641330026852925	0.3281999735872867
0.32852992105185924	0.27679540985531065	0.06692982713585537	0.32774484195697473
0.32889555046141183	0.27767736436842416	0.06432580967495445	0.32910127549520957
0.32600143323047226	0.2789607616596224	0.06629422174122877	0.3287435833686766
0.3308492925618137	0.2780829855431761	0.06563882144978986	0.3254289004452203
0.33015198681560154	0.2748800585973265	0.0665445889031313	0.32842336568394065
0.32717800246899065	0.2776365293045676	0.06581770619011228	0.32936776203632945
0.3304866506724187	0.27682521515198205	0.06647884430553416	0.3262092898700651
0.3290205500084492	0.2785308617484773	0.06578647681603444	0.32666211142703905
0.3284174660739354	0.2782083528310716	0.06599496958352831	0.32737921151146465
0.32973036307980724	0.27690144558196755	0.06614965508150622	0.32721853625671893
0.3295487029883676	0.2758357827148187	0.06665005240821233	0.3279654618886014
0.3296756888563765	0.27622974440823744	0.06660607538442213	0.3274884913509639
0.32877809370568745	0.27709816541397575	0.06626404226086828	0.3278596986194685
0.3298913123194039	0.2767722252372501	0.06519794065447292	0.3281385217888731
0.32992346187812777	0.27678834265528407	0.06586694141889902	0.3274212540476891
0.33061059144140825	0.2757089194962068	0.06648744199749576	0.32719304706488916
0.33117905987309904	0.2746109794338039	0.06523179295420084	0.32897816773889615
0.33031047807998104	0.27715017544898657	0.0654047171347774	0.32713462933625503
0.3266642066420664	0.2792250922509225	0.06574907749077491	0.32836162361623616
0.3296572934973638	0.2769258933801992	0.06650556531927358	0.32691124780316344
0.3302439167917145	0.2765469149969106	0.06629740783240651	0.3269117603789684
0.3317887614004119	0.2758017063842307	0.06593115622241835	0.3264783759929391
0.3305912937173662	0.27789847334428186	0.06557328757539381	0.32593694536295814
0.3282285345289374	0.2784182217101932	0.06681244817540745	0.32654079558546195
0.3293166206775084	0.27634591674983855	0.06601156578406622	0.32832589678858687
0.33165539842343006	0.27705854565852794	0.06509993800005905	0.3261861179179829
0.32885338898359884	0.27621832931632473	0.06603080359767209	0.32889747810240433
0.32802737609007615	0.2776686168451264	0.06533465798285315	0.3289693490819443
0.3281840507036454	0.27803185153596166	0.06569563107509963	0.3280884666852933
0.33119863692779977	0.27585320534947083	0.06568597930421627	0.3272621784185131
0.33013622054194003	0.27622907411221276	0.06611697902262496	0.32751772632322224
0.32732413762791823	0.27913825056954283	0.06600836550365166	0.3275292462988873
0.32802239681050654	0.27658888367729834	0.06702919793621014	0.32835952157598497
0.32960832286362934	0.2778769644470894	0.06690324524087667	0.3256114674484046
0.3290646817925406	0.2771082572033495	0.06638876475285534	0.3274382962512546
0.3291124373288702	0.2778377267355223	0.06605151695332057	0.32699831898228693
0.328587252334529	0.27673980179426805	0.06671654819802968	0.32795639767317325
0.33015346937578366	0.274646389840078	0.06704111336789388	0.3281590274162444
0.3274656945250887	0.27905951182225097	0.06549460887716178	0.3279801847754985
0.329977775828289	0.27642775682077375	0.06512998216217797	0.32846448518875926
0.3292959712071688	0.2764111792574094	0.06491608211832972	0.3293767674170921
0.32745831064274467	0.279131036309848	0.0657389282192426	0.3276717248281648
0.3292665907671967	0.27707223915678136	0.06686988137647361	0.32679128869954827
0.32998336008913715	0.2768969131865796	0.06518153629626372	0.3279381904280196
0.3287690352533259	0.27767044494560306	0.06649575035444322	0.3270647694466278
0.32884506669994934	0.27768763719926287	0.06704501237087668	0.3264222837299111
0.3302489583793413	0.2755620334790866	0.06575092384023085	0.32843808430134125
0.32891840328734956	0.27871294393894924	0.0652993836219548	0.3270692691517464
0.32923639783129344	0.27725209009829704	0.06596482463744692	0.32754668743296256
0.32963335708566266	0.2762200004407649	0.06637184393985028	0.3277747985337222
0.33077828453729585	0.275437693099897	0.06547741650728263	0.3283066058555245
0.3290250753883699	0.27607257927759876	0.06562658979141936	0.32927575554261196
0.32957951339915376	0.2762693935119887	0.06587182651622003	0.3282792665726375
0.33020770465017	0.2776485654983587	0.06572652466400718	0.32641720518746414
0.3288080689096665	0.2775086505190311	0.06614150040491791	0.32754178016638447
0.33011341011989914	0.2753624257082602	0.06643119441945522	0.32809296975238544
0.3291749759952729	0.2776202082871704	0.06543319299800576	0.3277716227195509
0.3312806250827705	0.27667417119145366	0.0653040804014185	0.32674112332435734
0.32885101752734974	0.2765336431008117	0.06532319727090931	0.3292921421009293
0.32977294201015706	0.27619729538207155	0.0666927483169954	0.32733701429077594
0.3301247298503389	0.27827812322512596	0.06577268335140478	0.32582446357313033
0.3284361304744257	0.278912615076914	0.06582546545486632	0.32682578899379394
0.33181068299299776	0.2758734464933827	0.06540308684972687	0.32691278366389265
0.32915111803249786	0.2786707019657391	0.06546587136015045	0.32671230864161255
0.3282348198907985	0.27661695188537505	0.06624647293781377	0.3289017552860127
0.33154221707449383	0.2757634846863225	0.06712654126409313	0.32556775697509055
0.3297138599765423	0.27666103582836027	0.06630865354115799	0.3273164506539395
0.3292767425403939	0.2781872862365845	0.06636985493572355	0.326166116287298
0.3289705623127093	0.2758975262941418	0.06671954873964393	0.32841236265350493
0.33021573762314504	0.2779648335203891	0.06502204323555086	0.32679738562091504
0.3297711935120259	0.2761121927654404	0.06561168772232875	0.3285049260002049
0.3284784060960659	0.27845601568063194	0.0666426856752729	0.32642289254802925
0.3309473344529926	0.2760302454694135	0.06654883352524	0.32647358655235387
0.33051667466853785	0.2773350075710012	0.06675776489271337	0.32539055286774754
0.3289418637934957	0.2764570749143113	0.06631975280552518	0.3282813084866678
0.3299459586466165	0.2780559797932331	0.06553248355263158	0.3264655780075188
0.32597699124140106	0.27809469271487197	0.06670631162404833	0.3292220044196786
0.3288805849381372	0.27746311035264004	0.066224824562694	0.3274314801465288
0.327737580517074	0.2773610988558487	0.06586958439954116	0.3290317362275361
0.3301808394066644	0.27755429227001627	0.06520220331379571	0.3270626650095237
0.32886088605919805	0.2776911879310091	0.06429296122572012	0.3291549647840727
0.3303856041131105	0.27760558207858976	0.06571428571428571	0.32629452809401394
0.32996259360784286	0.27774797351421665	0.06554569973470123	0.3267437331432393
0.3288479316771098	0.2760503030214096	0.06603372122030317	0.32906804408117746
0.32724873380860053	0.2774046578149997	0.0656723900238125	0.3296742183525873
0.3302740814884597	0.2756932995760716	0.06635657089024964	0.32767604804521905
0.3280416261313051	0.27682703929719055	0.06641903245776952	0.32871230211373487
0.3317204261599348	0.2745515555131321	0.06528969917690336	0.32843831915002974
0.32992109191725316	0.27798736588199824	0.06610482346798449	0.32598671873276414
0.33053093771339204	0.2773050009912404	0.06597989617674917	0.3261841651186184
0.3303215147111973	0.27553346069023504	0.06565272870767165	0.32849229589089596
0.3289986611336721	0.2775743588605582	0.06525678864404648	0.3281701913617232
0.32983919612776036	0.277132894911065	0.06526312692177547	0.3277647820393992
0.3305397003551729	0.2765327445782599	0.06645646732187821	0.326471087744689
0.32959950445036024	0.2776847802842036	0.06550546800681381	0.32721024725862236
0.3288177249280716	0.276072671616421	0.06683640056218221	0.3282732028933252
0.3285682738314317	0.27765182186234816	0.06553551711446448	0.32824438719175564
0.32774854509294526	0.27857892457967315	0.06570382275452617	0.32796870757285546
0.3308549913025608	0.27433998546756994	0.06566750093580043	0.32913752229406884
0.3317400462519701	0.27640707625683103	0.06450234942332336	0.3273505280678755
0.32941038099928693	0.27657181502091344	0.06534986805060387	0.32866793592919574
0.3293886765725753	0.27617269923713683	0.06613448230068908	0.3283041418895988
0.32790140161487213	0.2794184695483359	0.06621269836600827	0.32646743047078375
0.33096197523628107	0.2759835885412851	0.06536009964099934	0.32769433658143454
0.32903910499240896	0.27523841811240657	0.0663517238329673	0.3293707530622172
0.32953213572265755	0.27488777007054455	0.06621012981077555	0.3293699643960224
0.33047295801667526	0.2764111266878182	0.06559433335792814	0.3275215819375784
0.3293922407434725	0.2776441953090426	0.06645522938486502	0.32650833456261985
0.32739992915338295	0.2772759475735034	0.06573237690400284	0.32959174636911087
0.33022048138558796	0.2765274735001881	0.06656487198211954	0.32668717313210444
0.3279966947270568	0.27833644432311994	0.06668093049335626	0.32698593045646707
0.32793804084204664	0.2760465133319167	0.06645075727045582	0.3295646885555808
0.32900171546792517	0.27801624172636447	0.06585777077520008	0.3271242720305103
0.32981280179921946	0.2740281789517783	0.0654495476227225	0.3307094716262798
0.3304713149370919	0.2752972802256318	0.0666025221996166	0.32762888263765966
0.3274733384995756	0.2770212922986088	0.0649322853241817	0.33057308387763384
0.33029646229014364	0.27694794460159433	0.06558171999559163	0.3271738731126704
0.32803897900903817	0.2771807931227368	0.06615244207613272	0.32862778579209234
0.3296696006015304	0.2763058958821708	0.06539431199964615	0.3286301915166527
0.32894785089359707	0.27746610051408416	0.06602424482432402	0.32756180376799476
0.3291035070574664	0.27600902297625957	0.06771640815006943	0.32717106181620464
0.3297151309543959	0.27873159316196544	0.06706307446628448	0.32449020141735413
0.32882856386576864	0.2768962677568307	0.06637304785153378	0.32790212052586687
0.32876227810977904	0.2763412890817853	0.06533096552181505	0.3295654672866206
0.3298692887423457	0.2773639896373057	0.06473004003768253	0.328036681582666
0.3272631223678225	0.27833947202371345	0.06623182238396408	0.32816558322449996
0.32870017025773496	0.27693301238771795	0.06631979099395291	0.32804702636059413
0.33033298035062947	0.27666490175314745	0.06570625955994823	0.32729585833627484
0.32926560641437946	0.2783602801885546	0.06558291848392733	0.3267911949131386
0.32899782856722243	0.27678039085789996	0.06676971771373891	0.3274520628611387
0.33039488872387196	0.2757971664473249	0.06501584407372825	0.32879210075507487
0.3268230892728264	0.2772377122825623	0.06720869603641023	0.3287305024082011
0.3282651474392518	0.277035442907365	0.06568988008814663	0.3290095295652366
0.32830865068171133	0.27740068171133053	0.06622443582510579	0.32806623178185235
0.3298611111111111	0.2755241367159972	0.06554645290110406	0.32906829927178766
0.3304253721454128	0.2766317711324116	0.0657125609199464	0.3272302958022292
0.3306420777081679	0.27599341157092855	0.06593576281655343	0.3274287479043501
