A	C	G	T
0.2769728011823156	0.2224460135266585	0.22289232459402858	0.2776888606969973
0.2768256656656002	0.22276317230713394	0.22260786259504545	0.2778032994322204
0.27646927074733396	0.2229577181570132	0.22310975819095247	0.2774632529047003
0.276201157139097	0.22190815147110995	0.2219539269651992	0.27993676442459386
0.2763891636326778	0.22197681471224381	0.22345961375292023	0.27817440790215814
0.2776414503638334	0.22277788585880548	0.22188853340221457	0.2776921303751465
0.2777330013520119	0.22197844955131843	0.22187381985054302	0.27841472924612665
0.27727197673297027	0.22210596699913843	0.2231555336850417	0.27746652258284954
0.27656082173551244	0.22258007033077698	0.22265690776728392	0.2782022001664266
0.27693683472267405	0.2227370148819401	0.2220716353785715	0.2782545150168143
0.2773373702959549	0.22260786259504545	0.22229724317086846	0.27775752393813113
0.27649706301160243	0.22302147688092322	0.22249342385982235	0.27798803624765195
0.2773373702959549	0.22215010765415305	0.2222808947801223	0.2782316272697697
0.27696626182601713	0.22207000053949688	0.22232993995236078	0.27863379768212515
0.2761096061509185	0.22211577603358612	0.22296425751331167	0.27881036030218365
0.276881702851164	0.22297443107507192	0.2228583573110123	0.27728550876275176
0.2774440884122417	0.2216714622024588	0.2230856003138896	0.2777988490714099
0.2773623463248758	0.2219984305519226	0.2228420088935391	0.2777972142296626
0.2777645173947162	0.2216992545121632	0.2220687287470573	0.2784674993460633
0.2771759743656814	0.22307906094690033	0.22262294009939837	0.2771220245880199
0.277712202458802	0.22207690295579388	0.22154557938791525	0.2786653151974889
0.2762310358357311	0.222590243264452	0.22245945592466648	0.2787192649751504
0.2774015825268114	0.22228289301595605	0.22323600575464295	0.27707951870258957
0.27664955532304475	0.22204584096259483	0.22224038713052577	0.2790642165838347
0.2766724431075072	0.22237607899555323	0.22279459848286687	0.27815687941407274
0.278240256343186	0.2211254250588543	0.22291557677216844	0.27771874182579126
0.2767950562385561	0.22239569709652104	0.22234011247711222	0.2784691341878106
0.27584357834161655	0.2234043944546168	0.22263601883337694	0.27811600837038974
0.2771285639550092	0.22279623332461418	0.2223384776353649	0.2777367250850118
0.2768968691094512	0.22319713444470057	0.2216898078894322	0.27821618855641606
0.27630342058498003	0.2227099508075314	0.2226576357860904	0.27832899282139817
0.27749849185602254	0.2222538292143428	0.22311212253485896	0.2771355563947757
0.2776358187873051	0.222315953302304	0.22273447347383185	0.27731375443655903
0.27699659461907306	0.2223535547239647	0.22282602476135357	0.27782382589560867
0.2766859741792672	0.2219710011296775	0.22337533248648392	0.27796769220457135
0.27779112900720804	0.22195138299663714	0.22261022529790953	0.2776472626982453
0.2772385515932376	0.22182876966513482	0.22221786263710214	0.2787148161045254
0.27719604563831685	0.221944843618957	0.22320040413354064	0.2776587066091855
0.276725210445348	0.2219333997080168	0.22331974777620286	0.27802164207043234
0.27757859923260403	0.2221998793484818	0.2227639006733924	0.27745762074552177
0.2769557235085723	0.2218647362423755	0.22270504627427132	0.2784744939747809
0.2764227642276423	0.22252848307690798	0.22315299364535973	0.27789575905009
0.27691648724249157	0.22196119206315731	0.22288324431605466	0.2782390763782965
0.27700595082396023	0.22204584096259483	0.22195265498299765	0.2789955532304473
0.2764958801987968	0.2224676301334031	0.22318205597698143	0.27785443369081875
0.27670513994245355	0.22290576772168455	0.2226850640857965	0.2777040282500654
0.27677989017151094	0.22145693588651602	0.2229054033066255	0.2788577706353475
0.27705127345789715	0.22235936705570386	0.22331738275342866	0.27727197673297027
0.27622731456429084	0.22246236191740465	0.22354789506294948	0.277762428455355
0.27632331832553514	0.22213012643824734	0.22303746064131363	0.27850909459490386
0.27669115651596743	0.2221677276754915	0.22266308310527366	0.2784780327032674
0.2767892467000827	0.2225976896491968	0.22210887356502235	0.2785041900856981
0.2769396516490595	0.22278733067181966	0.222988415549256	0.2772846021298649
0.27640015563642545	0.2219045190147822	0.22303255613210787	0.2786627692166845
0.27629062159749673	0.22294917947560988	0.22212358709263963	0.27863661183425376
0.2770802475796247	0.22284128027308306	0.22239496993535857	0.27768350221193366
0.27714727587210347	0.22192413705160524	0.22224619982278374	0.2786823872535075
0.2770912384355949	0.22212976329242434	0.22352591129719152	0.27725308697478923
0.2768394740412926	0.22265454491950895	0.2227853316178478	0.2777206494213506
0.2768803448845235	0.2226054999076319	0.2222703589931386	0.27824379621470596
0.27760294139284564	0.22269214609528137	0.22249433121404388	0.2772105812978291
0.277619289730138	0.222168999301926	0.22246980870810534	0.27774190225983064
0.2764487487800053	0.22245509520454224	0.223869226380331	0.27722692963512147
0.2770863339344072	0.22199734176035626	0.2232398153945753	0.27767650891066126
0.2765795354783442	0.22205946544206723	0.2232953997413693	0.2780655993382193
0.27724445955754934	0.22257407419517267	0.22287815277169257	0.27730331347558546
0.27674910574741207	0.22245309669698735	0.22226999561865277	0.2785278019369478
0.27679161135488256	0.22164222049293425	0.22260186632313417	0.27896430182904897
0.276268013765255	0.22218789082616053	0.22324235513376983	0.27830174027481464
0.2766129625542559	0.22318677096871756	0.22257207549637475	0.2776281909806518
0.2764625583429379	0.22227126707373893	0.22245763750950245	0.2788085370738207
0.27741729811912996	0.22187563860483744	0.22268814831163097	0.2780189149644016
0.2768483778415361	0.22233012089555898	0.22276171558890606	0.27805978567399886
0.277028208963764	0.2222418401628289	0.22288269288931395	0.2778472579840931
0.27705927070305797	0.22245436785273465	0.22300693984648962	0.27747942159771777
0.2769481023729534	0.22165493677301226	0.22335515829225827	0.2780418025617761
0.27611760955393705	0.22245927233788634	0.22393552236853936	0.2774875957396372
0.27660760586313893	0.22260767779547022	0.22333354041125675	0.2774511759301341
0.2769607282167648	0.2226109474468927	0.2217722818570312	0.2786560424793113
0.2758392377788604	0.22245727383003697	0.22353462397373816	0.2781688644173645
0.2771029580536419	0.22210578630212233	0.22273192454952379	0.278059331094712
0.276601066560294	0.22315534440873258	0.22279077827512808	0.2774528107558453
0.2769280317025402	0.22315861406015505	0.22229379125891388	0.27761956297839085
0.27590953528444334	0.22230196538747005	0.22354933740513924	0.2782391619229474
0.27690023966544924	0.22153523212890275	0.22255536337271084	0.27900916483293714
0.276367286483588	0.22292810363487148	0.22309649068312828	0.2776081191984123
0.27697498884233274	0.22261385316346433	0.22250268519684085	0.277908472797362
0.276888343221288	0.22262529692473437	0.22267597643893036	0.2778103834150472
0.2764943508689902	0.2217899023520199	0.22373370694489175	0.27798203983409814
0.27751284562202566	0.22274300418351214	0.2223261243086742	0.277418025885788
0.2777134748433842	0.22191705575391377	0.2225137651874812	0.2778557042152208
0.2771510966375015	0.22271321327212565	0.22235028315088737	0.2777854069394855
0.27758595885484105	0.22190888165208406	0.22219824485685513	0.27830691463621976
0.2774519035848341	0.2229715148899439	0.22264291599639033	0.2769336655288317
0.27783608637082957	0.22269523024810034	0.22194648252050064	0.27752220086056945
0.2764317756764887	0.2224712598579668	0.22272629183505316	0.27837067263049137
0.2770660859784727	0.22251213036711526	0.22256771425955715	0.2778540693948549
0.277216489452139	0.22183858437634874	0.2230696041119002	0.2778753220596121
0.27670642549796626	0.22198571820928317	0.22332136644825468	0.27798648984449587
0.2764938988503943	0.22251213036711526	0.22284236408103478	0.27815160670145567
0.2767211388812597	0.22235682243235114	0.22275898824237192	0.27816305044401723
0.27705791187664297	0.22265109009822	0.22235845725271708	0.2779325407724199
0.2766872599875426	0.22282311051240258	0.2228868686109072	0.27760276088914754
0.2774731562495913	0.22086913589934737	0.22240423222296335	0.279253475628098
0.2763385909156302	0.2222783510547861	0.22289304351237885	0.27849001451720484
0.276026340225736	0.22276389270346975	0.22373661082120297	0.2774731562495913
0.27733910097958436	0.2222652724918586	0.22300257647689672	0.2773930500516603
0.27748950445325066	0.22252357410967682	0.22316605851349053	0.27682086292358193
0.27742084199788125	0.2221933403957573	0.22279495429042256	0.27759086331593885
0.27767260433423574	0.2218631066818378	0.22285380782359634	0.2776104811603301
0.27722302873360277	0.2225350178522384	0.22285380782359634	0.2773881455905625
0.2774175723571494	0.22283255515883915	0.22261021958907154	0.2771396528949399
0.2775679758308157	0.22198898785001503	0.22296007114738234	0.27748296517178694
0.27684375040870507	0.22227344659368828	0.22284236408103478	0.2780404389165719
0.2770289380026059	0.22284109356582696	0.22252720754241956	0.27760276088914754
0.27739677318628647	0.22162151557904614	0.2232350859181248	0.2777466253165426
0.2766501113316309	0.22174122016851783	0.22405776820133205	0.2775509002985192
0.2773019534500488	0.2221364848361989	0.22260894869434858	0.2779526130194037
0.2770452862329917	0.2227560827678208	0.2229457222402961	0.2772529087588914
0.27778422624642995	0.222393152053256	0.22210705802150446	0.27771556367880956
0.2769537361428312	0.22265145409335166	0.22350483171949054	0.2768899780443266
0.2773330150877818	0.22212177142885167	0.22320565910343035	0.2773395543799361
0.2758404216535581	0.22280185781290104	0.22275281312174364	0.2786049074117972
0.27657118755180343	0.22278387475947667	0.2228296498045569	0.277815287884163
0.2775226545602571	0.22224765280282235	0.22187818279610325	0.2783515098408173
0.27652868215280035	0.222525572719381	0.22321873768773898	0.27772700744007967
0.2777874958925071	0.2229964017544921	0.22178663270594273	0.27742946964705806
0.2762801890509362	0.2222378438645909	0.22246508426695352	0.2790168828175194
0.27652868215280035	0.22226400103320815	0.22381054362770503	0.27739677318628647
0.27625730152839606	0.224044323322222	0.22246508426695352	0.27723329088242843
0.277499767037717	0.22242911816010477	0.2231500751201186	0.2769210396820596
0.27682785476886057	0.22234737700817575	0.22317132781962015	0.27765344040334355
0.2775095759759485	0.22263837550904303	0.2225173986041881	0.2773346499108204
0.2773591722563991	0.22183731222013872	0.22328740025535937	0.2775161152681028
0.2779804050110596	0.2220138731083054	0.22241276992971895	0.2775929519509161
0.27702566835652875	0.22277897029036092	0.2222934278479026	0.27790193350520775
0.276793070977361	0.22144459266815764	0.22288813905128105	0.27887419730320034
0.27579746537450467	0.2229633407881142	0.22336060213703718	0.27787859170034396
0.2770742600803024	0.22251703482821308	0.22207563332940977	0.2783330717620748
0.2769941538823714	0.22235028315088737	0.22267724722407503	0.2779783157426662
0.2764693765449052	0.22189580308915657	0.22375459384522828	0.2778802265207099
0.2770382940322517	0.22242221524698866	0.2229584363270164	0.2775810543937432
0.27657772684395776	0.2223179501934813	0.22271848183793344	0.27838584112462744
0.27781855753024015	0.22247979767430073	0.22158064500308164	0.2781209997923775
0.27656391770273914	0.22297097362204402	0.22242003645667296	0.27804507221854385
0.27704365140995313	0.22293427847902603	0.2225811567026927	0.2774409134083281
0.27732320614955036	0.22359474698661244	0.2224078654606032	0.276674181403234
0.27804089346348704	0.22184058186621589	0.22257461741053838	0.2775439072597587
0.27792645585078646	0.22221659116508932	0.22254519059584396	0.27731176238828026
0.27656464825964916	0.22256317364926834	0.22315661441227294	0.27771556367880956
0.27633904268032505	0.22285090250405845	0.22278550958251525	0.2780245452331012
0.2774262000009809	0.22189943549560479	0.22298332317018343	0.27769104133323086
0.2777319119091954	0.2225664432953455	0.2224176743988347	0.2772839703966244
0.27747197504606114	0.22209070979111867	0.22229506267094118	0.278142252491879
0.27728442370758855	0.22133087891499886	0.22330574837416584	0.27807894900324676
0.2761461335617726	0.22213321519012175	0.22368302743069576	0.2780376238174099
0.2761870041377371	0.22159862805650601	0.22398220004675595	0.27823216775900095
0.27752592420633426	0.22241440475275753	0.22204166509996126	0.27801800594094694
0.2767575573782016	0.22177028447555694	0.2231598840583501	0.27831227408789133
0.27710740950845775	0.22306342949907387	0.22228198408663255	0.2775471769058358
0.2765569262660908	0.22305725486605874	0.22249323999568407	0.27789257887216645
0.27785497788080815	0.22195701716240032	0.2227711603665933	0.2774168445901982
0.2765749093489143	0.22252593650990868	0.22323218121716043	0.2776669729240166
0.2762250566467109	0.22226436439611172	0.22341201204539585	0.27809856691178153
0.27666155511160956	0.22154340625745889	0.22253901511559854	0.279256023515333
0.27681032425133156	0.22156138934028244	0.22361309560787723	0.27801519080050874
0.2775149341328721	0.22107911575546932	0.22273192454952379	0.27867402556213483
0.2767808973885294	0.2224638131328819	0.22271067181527776	0.2780446176633109
0.277580780957519	0.22223203119252558	0.22242003645667296	0.2777671513932825
0.2773044949606415	0.2229399118827501	0.22300203536133795	0.27675355779527044
0.27661950186779144	0.2230232881303285	0.22240859265798574	0.2779486173438943
0.27644294040233125	0.22301184433164128	0.22232031192525564	0.2782249033407718
0.27719659628730475	0.22210124492181432	0.22227126707373893	0.27843089171714197
0.2758266101016046	0.22181188029786572	0.22351210181711176	0.27884940778341794
0.2758380539002918	0.22311810817659417	0.2232619730743765	0.2777818648487375
0.27699224273931844	0.22203258212969093	0.22195901485241587	0.27901616027857473
0.2764527493726346	0.22301347916002517	0.22198353727817421	0.27855023418916597
0.2759933625967614	0.2223644522916207	0.22367394982711689	0.277968235284501
0.2766926168001229	0.2225798857583793	0.22322073743718182	0.27750676000431596
0.27606320890129904	0.22218425793626143	0.22302292352612288	0.27872960963631666
0.2763525730521869	0.2226599922182296	0.2223902459758765	0.278597188753707
0.2764179660806361	0.2228332837436201	0.2228970419463581	0.27785170822938565
0.2756119970049993	0.22283491856933133	0.22296406980051856	0.2785890146251508
0.27730240679041207	0.2215810072488172	0.22226599922182297	0.27885058673894775
0.27564959799635763	0.22265672256680716	0.2226338350068499	0.2790598444299853
0.27709478392508574	0.22175102912278521	0.22307033347174857	0.27808385348038045
0.2772778844047436	0.22277443001801578	0.22209107287072125	0.27785661270651935
0.27681522872846526	0.22120336250952286	0.22392698214443357	0.2780544266175783
0.27667626854301064	0.2224850658671279	0.22355097223085046	0.277287693359011
0.27690350931687174	0.22241476836154497	0.22252103203277498	0.2781606902888083
0.27697217199674345	0.2220992469992774	0.2227433683295024	0.27818521267447677
0.2774822376186475	0.2225063186013739	0.22340710756826215	0.2766043362117165
0.27603051238707443	0.22271557629241145	0.22359184287363124	0.2776620684468829
0.2768593690226685	0.22295916532338486	0.22212376938494588	0.2780576962690008
0.2774838724443587	0.22139300229202566	0.2231242827202192	0.27799884254339646
0.2768283073341551	0.22282183996364147	0.22340383791683968	0.27694601478536374
0.27664357202878603	0.2222839823046465	0.22349865780809108	0.2775737878584764
0.27699669438241187	0.2223673584159193	0.22301147974614427	0.27762446745552455
0.27647028050339556	0.22278750862370564	0.2229820528833421	0.2777601579895567
0.277153184553538	0.22285090250405845	0.22189943549560479	0.2780964774467988
0.2762867283430905	0.22251249413507235	0.2226318362168887	0.27856894130494847
0.27760439571218615	0.22311410901326986	0.2216591165089335	0.2776223787656105
0.2767935234850504	0.22260077457915567	0.22193213195637637	0.27867356997941756
0.2764845419307587	0.22249778072772514	0.22309776078288407	0.27791991655863213
0.276541760737109	0.22262856657081154	0.22263020139385012	0.2781994712982293
0.2758453261226739	0.2238203525659365	0.22287705967267574	0.2774572616387139
0.27666927693411825	0.22238824758414025	0.22261875763258007	0.27832371784916143
0.2763913570175596	0.22274954347566647	0.22215446788962329	0.2787046316171506
0.27644694100087136	0.22300621069272356	0.22267924608500753	0.27786760222139756
0.27764199664207345	0.22237843864590878	0.22238170829198595	0.2775978564200318
0.27691404768444045	0.22329193968166777	0.22253665267260433	0.2772573599612875
0.27651188187441966	0.22263310707419467	0.22269196060736846	0.27816305044401723
0.2761522213939132	0.22281457213481382	0.2223519179712533	0.2786812885000196
0.2769598226546867	0.22275898824237192	0.22235355279161925	0.2779276363113221
0.27607983795687024	0.22240223381489613	0.22393405799352284	0.27758387023471076
0.27710813828595904	0.2219281366838377	0.22256244594884	0.27840127908136325
0.2764493067555572	0.22213412371319413	0.22360055518408864	0.2778160143471601
0.2763773747770517	0.22273246698894372	0.22275371961895668	0.27813643861504783
0.27671578203956587	0.22198045085002346	0.222927010294447	0.2783767568159637
0.2767942532888445	0.22220932532708615	0.22310684024071056	0.2778895811433588
0.27601444524913804	0.22276516334280982	0.2234501519563046	0.27777023945174756
0.27678607920037795	0.2226932313643044	0.2230201949029654	0.2775004945323522
0.27693648242816205	0.22197064194386362	0.2234534215916912	0.27763945403628315
0.276764826570365	0.22201478202158287	0.22343216896167825	0.2777882224463739
0.27688416826197626	0.2217662897322005	0.22264909128658517	0.27870045071923805
0.27647709865634335	0.22201314720388957	0.22300221190833905	0.27850754223142804
0.2762253367315744	0.22357112846560917	0.22313463214149673	0.2770689026613197
0.27582317157902136	0.2231542499538164	0.22247253097570824	0.278550047491454
0.27729777713838244	0.22205401764622218	0.22237771154949657	0.27827049366589884
0.27655066545254203	0.223677391615674	0.2219248670484511	0.27784707588333285
0.27682531482501727	0.22321146857308208	0.22236299819025682	0.27760021841164384
0.2757344406480407	0.22287596658438097	0.2229756903006425	0.27841390246693587
0.27689515931272374	0.2223887917082182	0.22206019388906145	0.2786558550899966
0.2775605290261407	0.2230835880920074	0.22228252873187399	0.2770733541499779
0.2767987052265036	0.22082427373342706	0.22391407412251305	0.2784629469175563
0.2772004165501863	0.22227399127991093	0.2226826943669271	0.27784289780297566
0.27757642339024113	0.22231813121330868	0.22262384112239678	0.2774816042740534
0.27752574420745113	0.22241131551714838	0.22259768412482772	0.27746525615057277
0.27776769643496474	0.22237044520844676	0.2221317626056293	0.27773009575095925
0.2760887441535023	0.22234755783557383	0.2226728854928387	0.2788908125180851
0.27601844722253555	0.2229916739007113	0.22336768074076618	0.277622198135987
0.27818339354901994	0.2220994294495578	0.2221321257499714	0.2775850512514509
0.27607076121767365	0.22245709026289417	0.2229181073450484	0.2785540411743838
0.27616185923634773	0.22312209412580186	0.22301910111624804	0.2776969455216024
0.2772342943834479	0.22257933731354995	0.2224501873491888	0.27773618095381336
0.27652642179397474	0.22344905606089338	0.2229520739195543	0.2770724482255776
0.2759930226437118	0.2226198436143621	0.22302854536507694	0.2783585883768492
0.27721095386084194	0.2226165740003564	0.2225838778602992	0.27758859427850247
0.27706709084459036	0.2218335014459868	0.22337675925668596	0.2777226484527369
0.2766191537258069	0.22266071378943358	0.22374459083232928	0.2769755416524302
0.2756251910680685	0.22224056838969874	0.22349446536089182	0.278639775181341
0.27556960762997124	0.2235598576410062	0.22293045694490538	0.2779400777841172
0.2766408584712568	0.22235536838801226	0.22340164658030512	0.2776021265604258
0.275977125743021	0.22345886491894615	0.22289976000993963	0.27766424932809325
0.2761406067105668	0.2230060226388444	0.22270031322953382	0.27815305742105506
0.27717707604480685	0.22257443288452358	0.22237825572346867	0.2778702353472009
0.2760817535622503	0.2226855999424547	0.22328884471269855	0.2779438017825965
0.2779127403987628	0.22188617801115595	0.22251721454588258	0.27768386704419873
0.27609810165900484	0.22268723475213015	0.2236534072703256	0.2775612563185394
0.27753509936373205	0.2216066255566527	0.2225662588361463	0.27829201624346894
0.27710305659865325	0.22209180095243855	0.22307431996115698	0.2777308224877512
0.27604206685379756	0.22264600052640784	0.22241549273900468	0.2788964398807899
0.27614297344750804	0.222930092497229	0.22361344070728176	0.27731349334798117
0.27632325365828936	0.22309066803118557	0.22239424024796753	0.27819183806255754
0.27666774563752466	0.22361017109862122	0.2220767246368282	0.27764535862702594
0.2769783584602759	0.22177919024871914	0.22294480573620143	0.2782976455548035
0.2763963681186999	0.22302000673539385	0.22307395527829274	0.27750966986761355
0.27646176029191066	0.22285325669370634	0.22233829332967137	0.27834668968471166
0.2766808240721668	0.22286470032401823	0.22365267601120822	0.27680179959260676
0.27688844422211106	0.22255572230559725	0.22263419291345019	0.2779216405588415
0.27621327003370966	0.22187073929121423	0.22299711947477008	0.27891887120030606
0.27779367168278307	0.22187364617987723	0.22304579896844015	0.27728688316889955
0.27631744578589	0.22341689894473554	0.2220812659904037	0.2781843892789707
0.2767649289843321	0.22258769061756167	0.2237598414898904	0.2768875389082158
0.2775153017185007	0.22203022416363685	0.22267433496377284	0.2777801391540896
0.2766537626533441	0.22260894300436818	0.22254028144699328	0.2781970128952944
0.2767436765975256	0.22365030995788757	0.22226236561952342	0.27734364782506343
0.2757824147942769	0.22326940179435537	0.22336095053752192	0.27758723287384585
0.27622217572127333	0.22275280531505845	0.22300129476079622	0.278023724202872
0.2763415160471868	0.22373368470612853	0.22228852240328528	0.2776362768433993
0.27555517773534566	0.22350154325024196	0.22238007114645184	0.27856320786796057
0.27692513928487356	0.22278223169679057	0.2214989144934739	0.278793714524862
0.27614860976694305	0.22369935392744109	0.22268250895869843	0.27746952734691743
0.2764167168005022	0.22294734639428737	0.22213648609766942	0.278499450707541
0.27630882006748453	0.22302254714760272	0.22329392377913213	0.27737470900578065
0.27586578954251784	0.22315169626742695	0.2229898511679004	0.2779926630221548
0.2765278831314901	0.2220269545656666	0.22242257592006487	0.2790225863827784
0.27629247207763336	0.22252556825612724	0.22368791033454527	0.2774940493316942
0.27730114305145037	0.223166409458293	0.22256480343177004	0.27696764405848656
0.2768875389082158	0.2226710653658026	0.22192723182757448	0.27851416389840705
0.27680579895896	0.2229506159922576	0.2224536371007821	0.2777899479480003
0.2771850723235071	0.22186837906411028	0.22344432528576286	0.2775022233266198
0.276987261646308	0.22209071172608616	0.22311082629279905	0.27781120033480683
0.276189479741571	0.2226187517982789	0.22319093144306976	0.2780008370170804
0.27564999607648244	0.2226400041850854	0.22303562553948367	0.27867437419894847
0.27604888702885094	0.22223457403677643	0.22218879966519317	0.27952773926917945
0.27742375297533417	0.22248142868352908	0.22241930632209464	0.2776755120190421
0.27649028275483245	0.222396419136303	0.2226596217729068	0.27845367633595774
0.2781267165389344	0.22167220318589625	0.22277405770186498	0.27742702257330437
0.27717481040449765	0.2222832546178909	0.22330500231323677	0.27723693266437466
0.2773840643325045	0.22269522328865435	0.2232902891464238	0.2766304232324174
0.2775802398900109	0.22320364494185846	0.22213939254238618	0.27707672262574445
0.2770865314036198	0.22303199132904036	0.22182878124300104	0.27805269602433885
0.27662106667364184	0.2226972221495645	0.22228198320734482	0.2783997279694489
0.27641181240354684	0.2224732546886035	0.22330700217101304	0.2778079307368366
0.2765720227040883	0.2232628625984149	0.22181606549658653	0.27834904920091025
0.2772422902879862	0.22266616096884728	0.22232448798095786	0.2777670607622087
0.2757938583871727	0.2226988569485496	0.22299639036384086	0.2785108943004368
0.2767273286076744	0.22347211686850985	0.22211686850984802	0.2776836860139677
0.2766488582563888	0.22313044388062045	0.2226400041850854	0.2775806936779054
0.2769136956919777	0.22182587429049724	0.22291628521357013	0.2783441448039549
0.2761682273547645	0.22232285318197276	0.2230094687557218	0.278499450707541
0.2772231259042497	0.22268941220706398	0.22235100826392237	0.27773645362476396
0.2775664342523643	0.22184421975003882	0.22290193642256353	0.2776874095750333
0.2756880471476798	0.2227319170501639	0.2232893844154358	0.2782906513867205
0.27538397403934967	0.22225455496611873	0.2233449676717972	0.27901650332273437
0.2770858025650038	0.22202077832906922	0.22280711792641758	0.2780863011795094
0.27710705498655375	0.2222153197263342	0.22237389548713002	0.278303729799982
0.27766079882817607	0.2224176715231095	0.22252556825612724	0.27739596139258715
0.276833590541707	0.22213485129868432	0.22354077842588474	0.27749077973372394
0.2752086003505009	0.22239478433731788	0.22404756611127097	0.27834904920091025
0.27664722345740367	0.2226710653658026	0.2229522507912427	0.277729460385551
0.2767861813711386	0.22278059689780544	0.2226383693861003	0.27779485234495566
0.2780531505846041	0.22252229865815698	0.22169835996965814	0.27772619078758076
0.27681887735084093	0.22233102717689832	0.22319093144306976	0.277659164029191
0.2773076822473909	0.22197137140017265	0.22211032931390756	0.27861061703852896
0.27657365750307344	0.221598637231566	0.22376474588684575	0.27806295937851483
0.27685811252648374	0.22221495644895503	0.22281002327953756	0.2781169077450237
0.27700687923412937	0.22228852240328528	0.2222198608459104	0.27848473751667496
0.27631372446443986	0.22187328346106563	0.22340835970809028	0.2784046323664042
0.27681560775287073	0.22248796787946953	0.22258278622060632	0.2781136381470534
0.2768090685569302	0.22302254714760272	0.22249777667338025	0.2776706076220868
0.2771818027255369	0.22202205016871127	0.22292118961052548	0.2778749574952264
0.2763186288613952	0.22291465041458502	0.22358818759645313	0.27717853312756663
0.27660635348277574	0.22129946901728964	0.22310919149381392	0.2789849860061207
0.2773076822473909	0.2231843922471293	0.22238007114645184	0.27712785435902804
0.2771932463184327	0.22215610368549082	0.22226563521749365	0.27838501477858285
0.2766880934320316	0.222620386597264	0.2220563809473987	0.27863513902330567
0.27708980099624486	0.22212794896819832	0.22249414334221027	0.2782881066933465
0.2769034342166138	0.22230450696995407	0.2222897938031411	0.278502265010291
0.27621191537640366	0.22221295837645108	0.22372187537293792	0.2778532508742073
0.27731376809106467	0.22252030008321114	0.22178464174256207	0.2783812900831621
0.2768179722673607	0.22217989923132003	0.22328992411287923	0.27771220438844
0.27609094044927474	0.22315623584879443	0.22188436431762784	0.278868459384303
0.2778189201516437	0.22160971853711886	0.22320691453448357	0.27736444677675387
0.2770113307732423	0.2233671245731138	0.22222930633957663	0.2773922383140673
0.2773693511656915	0.2226331010287773	0.22249577813852284	0.27750176966700835
0.2774903260928205	0.2222047843948883	0.22187619033606507	0.27842869917622615
0.27723856746068726	0.22179445052043742	0.22249577813852284	0.2784712038803525
0.27719161151944754	0.22197464099814287	0.22241276712615418	0.2784209803562554
0.2773072289058145	0.22156884862930504	0.22289793803141097	0.2782259844334695
0.27710451416305787	0.2225497264168371	0.2222194975617013	0.2781262618584038
0.27678899847473504	0.22152961351780376	0.22247452578645963	0.27920686222100155
0.2766299709987608	0.22211287269208008	0.22269976360883967	0.27855739270031943
0.2773362018512403	0.22269322443427966	0.22223711700871998	0.27773345670576005
0.27660544909416085	0.22240223116635988	0.22259023243495973	0.27840208730451954
0.2771514701699205	0.2215259817753205	0.22330136766835923	0.27802118038639984
0.2766757452206808	0.22122354495192073	0.22405991191731867	0.2780407979100798
0.27774163067396	0.22159791269548046	0.22343051636591912	0.2772299402646404
0.27747188972336023	0.2218088010750403	0.2230250875431994	0.2776942216584001
0.27744900261240024	0.2224937796101998	0.22351062125427906	0.2765465965231209
0.2772234010900804	0.22214720335852006	0.22173523536124035	0.2788941601901592
0.2772332098519204	0.22158483434636045	0.2233602202393992	0.27782173556232
0.2765335181740009	0.22324088030367928	0.2220867159938401	0.27813888552847976
0.27688172921932064	0.22255590176851975	0.22213902939032007	0.2784233396218395
0.27713139959359095	0.22248033755163896	0.22334677676438902	0.27704148609038104
0.27696955528781314	0.22226127556200026	0.22327811554375598	0.2774910536064306
0.2775515408722264	0.22224165807039084	0.22256044230904415	0.27764635874833865
0.2773112266000108	0.22191796945883516	0.2221043356291248	0.2786664683120293
0.2765984577382013	0.22323561097860223	0.22241494591294084	0.2777509853702556
0.2777902203534745	0.22151090650793936	0.22243619819551774	0.2782626749430684
0.27692705072265933	0.22235118906521018	0.22251957253485782	0.27820218767727267
0.2765020050711216	0.22351025586113432	0.22217790122266015	0.27780983784508395
0.27648892674338194	0.22264054706644934	0.221801899300146	0.2790686268900227
0.2770284077626414	0.22296750525993994	0.22267651246773332	0.2773275745096853
0.2772932438993688	0.22281383490899936	0.2224688940148668	0.27742402717676506
0.2759592544699272	0.22280402616319464	0.2227190170328871	0.2785177023339911
0.27634669992921357	0.2224966854613135	0.22309174937346637	0.2780648652360066
0.27682896326461215	0.2235592995901579	0.22166457685887994	0.27794716028634997
0.27647094404274	0.22287759175673003	0.22283835677351116	0.27781310742701887
0.27667320581984634	0.223184567598496	0.22308484551250612	0.27705738106915156
0.2771047899297041	0.22247016511361778	0.2224930521497466	0.2779319928069315
0.2763070132417852	0.22281510544384503	0.22208108549942782	0.278796795814942
0.27749059996730424	0.2225012260912212	0.22152362269086154	0.27848455125061305
0.2760372731731241	0.22358182115416053	0.22205002452182443	0.27833088115089094
0.2771472944253719	0.22323197645904855	0.22156612718652935	0.2780546019290502
0.2759653424881478	0.22302762792218409	0.22238025175739742	0.27862677783227074
0.2776720614680399	0.22123589995095636	0.22218734673859736	0.2789046918424064
0.2770557462808566	0.2225012260912212	0.22307830635932646	0.27736472126859574
0.2763822135033513	0.22290501880006539	0.22163805787150564	0.27907470982507765
0.2765179009318293	0.2221301291482753	0.2225649828347229	0.27878698708517247
0.27692332842896844	0.22195030243583455	0.22274807912375347	0.27837829001144354
0.27702632009154815	0.22208762465260748	0.22323034167075365	0.2776557135850907
0.27770148765734837	0.22082556808893247	0.22398397907470982	0.27748896517900934
0.27700997220859896	0.22150890959620728	0.22307503678273663	0.2784060814124571
0.2766830145496158	0.22324178518881804	0.22287232303416707	0.27720287722739906
0.2772220414875895	0.2222409314354562	0.2222540097204353	0.27828301735651895
0.277548998612067	0.22226054886292487	0.2223194011453308	0.2778710513796773
0.27696047578800753	0.22197773095025183	0.22309592431596484	0.2779658689457758
0.2772040588457433	0.22277877590522166	0.22248124492194715	0.2775359203270879
0.27663351866353003	0.22275752369213064	0.2229422544674604	0.2776667031768789
0.27744437233223423	0.22148239090666846	0.2229553327524395	0.2781179040086578
0.27741004183416407	0.22246980142259046	0.2232790203056722	0.27684113643757324
0.27751793768524163	0.2221379399412458	0.22250576670628297	0.2778383556672296
0.27680190158263596	0.22233574900155467	0.22247143620821283	0.2783909132075965
0.27620193525921977	0.2225924103442695	0.2228915761131664	0.2783140782833443
0.27733484169553424	0.2222540097204353	0.22253192327624116	0.27787922530778925
0.27621501354419886	0.2231645853121051	0.22364357749946462	0.27697682364423143
0.27703731071225973	0.22305832424664992	0.22205456587450403	0.2778497991665863
0.27661063166481664	0.2225008623494158	0.22312208088592303	0.2777664250998445
0.27703731071225973	0.22314169831339167	0.2224387404957651	0.2773822504785835
0.2768901800062449	0.22269703662410228	0.22244364485263224	0.2779691385170206
0.27700951935667917	0.2228539760438515	0.22230959243159648	0.27782691216787286
0.2759027694903229	0.22294552403870518	0.22231122721721888	0.27884047925375305
0.2758847868484766	0.22241912306829645	0.22324142023635732	0.2784546698468696
0.27454262785249656	0.22361415135826163	0.22374493420805264	0.2780982865811892
0.2763964747482839	0.22256298420306653	0.22295042839557236	0.27809011265307726
0.27685257993692997	0.22213957472686818	0.22310409824407676	0.27790374709212506
0.2765905620710738	0.2225626203608947	0.22254463774844613	0.2783021798195853
0.27713167522748006	0.22301055088915844	0.22269176821393424	0.2771660056694273
0.27694857953709484	0.2225364638336968	0.22185148977770222	0.2786634668515061
0.27660037076877303	0.22266397690378648	0.22215555940637763	0.2785800929210629
0.2769780056301925	0.22207382025888422	0.22287322912136956	0.27807494498955376
0.276464683783934	0.22278331605912682	0.22275552474897908	0.2779964754079601
0.27612301414741164	0.22251848122124826	0.22324759441688927	0.27811091021445083
0.27558026620805554	0.22253319426779705	0.2239914206590791	0.2778951188650683
0.2768880925679498	0.2222274898561718	0.2227800464932271	0.27810437108265135
0.2767916403739076	0.22172234192466267	0.22371514234055145	0.27777087536087836
0.27715083954141145	0.22253446525519738	0.2224461871202201	0.2778685080831711
0.2760620758766918	0.22210615282252988	0.2232913685236136	0.27854040277716474
0.2773404740535848	0.22204730073254506	0.2228892125753838	0.2777230126384863
0.27674214447207224	0.22169418819263598	0.22397470667954875	0.27758896065574307
0.27776388214542025	0.22132799741050804	0.22307230796644778	0.27783581247762396
0.2771099700344775	0.22219116139695244	0.22322107297168725	0.2774777955968828
0.2768843703562023	0.22235136986413342	0.22292844730204037	0.27783581247762396
0.27790120368871823	0.2214620493932513	0.22287613433316494	0.2777606125848655
0.2773764392196867	0.22162716220126433	0.2237752634857112	0.2772211350933378
0.2770691005275436	0.22231867425858629	0.2232537685772344	0.2773584566366358
0.2764969274304687	0.22295460378647808	0.22298893417230256	0.27755953461075067
0.2769464920067418	0.2225410043763068	0.22236117854579754	0.2781513250711538
0.27718026558640385	0.2230526906031195	0.22241185673439562	0.27735518707608103
0.27652962303601586	0.22300201241452142	0.22292517774148565	0.27754318680797707
0.27715410910196614	0.22161081439849076	0.22319001214641745	0.2780450643531256
0.27664732721598556	0.2217759272065038	0.2235562029285454	0.27802054264896525
0.27608332802029745	0.22257369998185395	0.22293662120342717	0.2784063507944215
0.2765279882557385	0.22285324740928195	0.22290882993871208	0.27770993439626745
0.2759411021361674	0.22334204671221164	0.22293335164287245	0.27778349950874853
0.27604736285419557	0.22268323026043685	0.22266361289710856	0.278605793988259
0.2766342489737667	0.22289902125704794	0.2228287257051216	0.27763800406406375
0.2777426300018146	0.22131982350912124	0.22316712522253446	0.2777704212665297
0.27670454452569304	0.22273227366875756	0.22323578599418345	0.27732739581136595
0.27639557105327256	0.22263909119294822	0.2227077519645972	0.278257585789182
0.2763236407210689	0.22266688245766328	0.22233338728108248	0.27867608954018536
0.2758609979025769	0.22223693524471844	0.2230755775270025	0.2788264893257022
0.27633998852384245	0.22231867425858629	0.22288594301482909	0.2784553942027422
0.2758266675167524	0.2222876134333165	0.22356764639048687	0.2783180726594442
0.27655324053260966	0.22235391242510688	0.22275443228353536	0.2783384147587481
0.276613727205107	0.22256970271617854	0.22242747729706314	0.2783890927816513
0.27696520381556466	0.22244382504638674	0.22222803475531505	0.2783629363827335
0.2761298338251281	0.22280511030643857	0.22310754366892538	0.27795751219950793
0.27591731308392115	0.22174087182547142	0.22315822169182858	0.2791835933987788
0.27628186789383774	0.22211523528498214	0.2234982548777597	0.27810464194342044
0.27640284123883246	0.22180789759769823	0.2235244112766775	0.27826484988679184
0.27612165995046634	0.2226399980382701	0.22277895390752078	0.2784593881037428
0.27686875209455536	0.22229342575260952	0.22238824269868646	0.27844957945414867
0.2772006114058247	0.2226399980382701	0.22232612125125673	0.27783326930464847
0.2778692343531604	0.2216329766799356	0.22300455284818663	0.27749323611871735
0.27715810725758333	0.22099868400617945	0.2237009669693725	0.27814224176686475
0.2760333821041188	0.22222966953024742	0.22292117932663622	0.2788157690389976
0.2777466262332333	0.2213877604400814	0.22249450306928995	0.2783711102573953
0.2773722627737226	0.22168201992790643	0.22398541780760334	0.2769602994907676
0.27613473814992523	0.2221593742081559	0.22311735231851954	0.27858853532339933
0.2756671925192699	0.2220792702364702	0.2240720608790185	0.27818147636524143
0.2765859360312569	0.22275443228353536	0.22248469441969576	0.27817493726551196
0.2761069469760751	0.22272827588461758	0.22348027235350373	0.2776845047858036
0.27801963364693766	0.22196156644134019	0.22210706141032033	0.27791173850140183
0.2773362977252107	0.22238497314882175	0.22182097579715712	0.27845775332881045
0.2770714641861682	0.22157575955730294	0.22298983987379536	0.2783629363827335
0.27660391855551286	0.2223015996272713	0.2231860128656787	0.2779084689515371
0.27639793691403536	0.22312552619318135	0.2218258801219542	0.27865065677082906
0.2771842636565011	0.22181116714756297	0.2219190622930988	0.2790855069028372
0.27765834838688586	0.2217670282243892	0.22245526847091326	0.2781193549178117
0.2770142470635355	0.22155614225811462	0.22286559697893593	0.2785640136994139
0.2770534816619122	0.22163788100473267	0.22342795955566816	0.27788067777768694
0.2770922632768029	0.22151327598552245	0.22279657220952548	0.27859788852814915
0.2757926193302011	0.2216162666378947	0.22389840871268224	0.27869270531922197
0.277739633091714	0.22157376255913788	0.22326575184811004	0.2774208525010381
0.27647922367934924	0.22310390939438227	0.2225333738756854	0.27788349305058313
0.2761751560390122	0.22203476833642305	0.22298784056393103	0.27880223506063373
0.2769794639908714	0.2224205745897539	0.22275570290302857	0.2778442585163461
0.2770901755252106	0.2225706097854038	0.22253137531530617	0.27780783937407943
0.2770640192118122	0.22149820093606906	0.2232506739337624	0.2781871059183563
0.2765637797180676	0.22249541038438336	0.22271610427868244	0.27822470561886653
0.27658993603146603	0.22210796999216945	0.22304142342657515	0.27826067054978937
0.27626788642274813	0.22175812930046573	0.2232425000858254	0.2787314841909607
0.27659484034022824	0.2229106418595831	0.22320816992449	0.27728634787569867
0.27695612441904377	0.22248233222768418	0.22286159877196107	0.277699944581311
0.2766765788195983	0.22213903061433007	0.22313624006264438	0.2780481505034273
0.27642437241298135	0.2223299351978395	0.22375381718074636	0.27749187520843277
0.27754255298279573	0.22184767895793417	0.22242148214507576	0.27818828591419437
0.27617752260882644	0.2221141459650683	0.22373910427851196	0.2779692271475933
0.2765927534052195	0.22280401760317015	0.22317020539211518	0.2774330235994952
0.27565112766221794	0.22275497459572213	0.22320126596349893	0.278392631778561
0.27674478672830827	0.22229723985954083	0.22246071655103417	0.27849725686111676
0.2775376486820509	0.22264054091167682	0.2219768255442139	0.2778449848620584
0.27715838275778637	0.22208635492751444	0.22247542945326856	0.2782798328614306
0.27751594303827476	0.22234428461899367	0.22232466744808396	0.2778151048946476
0.2774358395903935	0.2219731931359519	0.2221677300808064	0.2784232371928482
0.2767852034218885	0.221804812418977	0.22359487926448687	0.2778151048946476
0.2765923012412765	0.22253228250687826	0.22267123746748863	0.2782041787843566
0.2755722083539722	0.22268921987415585	0.2235670882723648	0.2781714834995071
