A	C	G	T
0.3162780809297711	0.18227505728391563	0.2618996999976378	0.2395471617886755
0.3161890795558026	0.18156391546530742	0.26070579609021133	0.24154120888867864
0.3137851435335898	0.18127848475880437	0.2620124297129328	0.242923941994673
0.3152929346700973	0.1832313015704019	0.2604678673882826	0.24100789637121817
0.31676195747537256	0.1803027715788048	0.2615070275744711	0.24142824337135152
0.31423240153749254	0.18303342810220913	0.26209774732616387	0.24063642303413446
0.31375254267268066	0.18321983432092215	0.263022906164323	0.24000471684207422
0.31619081397410886	0.1814092333155997	0.2611278595495655	0.2412720931607259
0.3162809917355372	0.18299881936245574	0.26069657615112163	0.2400236127508855
0.31523475492941144	0.18390167703144802	0.2613398567597041	0.23952371127943647
0.3152171985029356	0.1832425752818821	0.2613654504496514	0.24017477576553087
0.3167496831618969	0.18208612101741872	0.2599722950867989	0.24119190073388547
0.3145297430025145	0.1826606381848446	0.2616900211311667	0.24111959768147423
0.31591412365152105	0.18080571245870192	0.2621940388646133	0.24108612502516372
0.31704710508602674	0.18058524142980292	0.26124487795661466	0.2411227755275557
0.3181780684697425	0.179883330387131	0.2619586353190737	0.2399799658240528
0.3184191913238241	0.18056112224448898	0.2597960627136626	0.24122362371802428
0.31732840511812416	0.18300707450001766	0.25977305098113074	0.23989146940072745
0.3165571585292487	0.18241067320963042	0.259888171941538	0.2411439963195829
0.3161284245970543	0.18090467052050344	0.2609169148898595	0.24204998999258273
0.3170245253539132	0.18240140144879505	0.26132758865584016	0.23924648454145164
0.3162407769736687	0.18156101930647556	0.2614271233587138	0.2407710803611419
0.3154221623410391	0.18249775445563277	0.26226185411052805	0.23981822909280007
0.3160755858613314	0.1804972878431558	0.2611115706874343	0.24231555560807858
0.31551084919240646	0.18121941044789275	0.2622901696269617	0.24097957073273912
0.31557529545870666	0.18277391576547578	0.2611376562933738	0.24051313248244377
0.3169542052142167	0.18189899899840575	0.2606337898785641	0.24051300590881344
0.31621607272426955	0.18370428924532642	0.2600801099594731	0.23999952807093095
0.3150051660516605	0.18144944649446496	0.26205166051660517	0.24149372693726937
0.3171313279530448	0.1833834283956169	0.26063238113270065	0.23885286251863774
0.31725019588436637	0.18271151093123134	0.2617545347967221	0.2382837583876802
0.31629835067450995	0.18221484216290695	0.26202547298132806	0.23946133418125504
0.31560589249037985	0.1815375717084917	0.2623645506267853	0.24049198517434311
0.31728371719272536	0.18157002233435354	0.26020112735308365	0.2409451331198374
0.3164098821812361	0.18258965878461883	0.2594190275538188	0.24158143148032626
0.31576092084158885	0.18067742239833948	0.2628667798848948	0.2406948768751769
0.31665270880760565	0.18215006074617535	0.2605657061300558	0.2406315243161632
0.315519584096414	0.18244225202339456	0.261156731848526	0.2408814320316654
0.31697017527327553	0.18182246513381078	0.261602431209951	0.23960492838296268
0.3142121822077669	0.18245568469579898	0.26237375377041633	0.2409583793260178
0.3161959960966378	0.1821332465919508	0.2628973593163202	0.23877339799509123
0.31590381788448935	0.18177309947044343	0.2606634511503244	0.24165963149474282
0.31452650464465715	0.18160786581839214	0.2634470792365529	0.24041855030039777
0.3162892449594986	0.1832968722284633	0.2602317743747413	0.24018210843729676
0.3158019118741802	0.17957792246156754	0.2634144324049676	0.24120573325928465
0.31596418277181876	0.18330931342437273	0.26051363228275765	0.2402128715210509
0.31651619755708976	0.1805924352392754	0.26251253909246475	0.24037882811117012
0.31524093604630515	0.18020193411692292	0.2632659825053561	0.2412911473314158
0.31805945865996155	0.18168909924567372	0.26161218754622095	0.23863925454814378
0.3152968980797637	0.18310782865583455	0.2611757754800591	0.24041949778434268
0.31659086882050674	0.18124741598251728	0.2627842419230996	0.23937747327387632
0.3153681774713404	0.1821289004852363	0.2619390562094899	0.2405638658339335
0.31723762657329424	0.18191066527869784	0.2610840352039368	0.23976767294407117
0.31620957959823676	0.18347977870477206	0.26050708558918373	0.23980355610780746
0.3168365902010762	0.18207188709525157	0.2606969224959879	0.24039460020768433
0.31779813483238856	0.18061806534575206	0.2616366521362127	0.2399471476856467
0.3165108115283637	0.18263665594855305	0.2612348446856839	0.23961768783739934
0.3170880058580025	0.1826255897862892	0.26070473187237586	0.23958167248333245
0.31747812429885575	0.18223256143499875	0.2613452522938488	0.23894406197229667
0.3171699802129464	0.18198789220766984	0.26192523320456046	0.23891689437482333
0.31617378605330415	0.1808112214252906	0.26324064586792917	0.23977434665347608
0.31677922200801883	0.18237513453418647	0.2613984459083867	0.23944719754940805
0.31504141788402995	0.18064569419205626	0.2627262643664598	0.24158662355745403
0.31721459729758483	0.18236573630764502	0.2611034270785308	0.23931623931623933
0.314979155487679	0.18409212861683247	0.2600286575190608	0.24090005837642772
0.31522394055031133	0.18198787850147088	0.262502510544286	0.2402856704039318
0.31606737856737854	0.1820485257985258	0.2625626063126063	0.23932148932148933
0.3168019787918955	0.18167132171937134	0.26220767846998677	0.23931902101874644
0.3154553997269552	0.18192939841492173	0.2616561172083237	0.24095908464979934
0.3165672250770204	0.18160261603325625	0.2618930761452537	0.23993708274446962
0.31820619346474555	0.18209729220071305	0.2600135537287486	0.23968296060579275
0.31567137297973985	0.18306790200003542	0.26267368184851225	0.23858704317171253
0.3170597850782204	0.18091315200906424	0.26375422673598614	0.2382728361767292
0.31420378106634567	0.18209067950624278	0.2628867804290873	0.24081875899832425
0.313963921420476	0.18224641103135625	0.2635058556856819	0.24028381186248585
0.3159976317347543	0.18229721728833628	0.2615748963883955	0.24013025458851392
0.31689716312056737	0.18250591016548465	0.2601063829787234	0.24049054373522458
0.31477546394673467	0.18219648675449782	0.26254308920054775	0.24048496009821976
0.3157707580157648	0.1821667753215196	0.2616724945178688	0.2403899721448468
0.3167554556556521	0.18147761396553452	0.26034937434735667	0.24141755603145668
0.3153384240762193	0.18322537175819759	0.2614719024090404	0.2399643017565427
0.31376773949798104	0.18320975701905595	0.2626036033908711	0.2404189000920919
0.31860546414414626	0.18037245293974746	0.25975718864984326	0.24126489426626296
0.3149623034732759	0.18303331581837182	0.26209270334575124	0.23991167736260102
0.3140139482884066	0.18267052344531004	0.26088268176252416	0.24243284650375918
0.31598642467168364	0.18376862918695588	0.2607112291574443	0.23953371698391618
0.31539451621283326	0.1814762770705902	0.2614835982334742	0.2416456084831023
0.31616321076561954	0.18168756762509533	0.2600469458585357	0.2421022757507494
0.3177892715341023	0.1822637463623832	0.26097765001119266	0.23896933209232182
0.3160934087604561	0.1834680386397217	0.2600528617764618	0.24038569082336042
0.3169766358172155	0.1809205287466157	0.26114089882205826	0.24096193661411053
0.3162739474319637	0.18271603484119459	0.26044322993657204	0.24056678779026966
0.31682742447721796	0.18249203085135843	0.2611052516836852	0.23957529298773841
0.31610101675767277	0.18090401995857655	0.26124435134626245	0.24175061193748823
0.3173638175441917	0.18036228584270195	0.26217525267160674	0.24009864394149966
0.31666676500610685	0.1807046217570111	0.2620647742224792	0.24056383901440279
0.3160998508017196	0.18116681311293661	0.2622351435664876	0.24049819251885618
0.3154241083297393	0.18245195290114083	0.2612533306550239	0.24087060811409597
0.3167840313130059	0.1810430967711419	0.26240606393860383	0.2397668079772484
0.31670703609617773	0.18205234241153187	0.2612217167838365	0.24001890470845394
0.3170891453657155	0.1812292005947745	0.2618069815195072	0.23987467252000283
0.31652181105944494	0.18082233868442354	0.26113005098996156	0.24152579926616996
0.31407529605844575	0.18225416838508218	0.26156837329876864	0.24210216225770342
0.3162344116046286	0.18091412480181737	0.2639141957926122	0.23893726780094182
0.31800171755160056	0.18129053273712575	0.26304006633302734	0.2376676833782463
0.3168501839102141	0.18055621050646042	0.26224889182306893	0.24034471376025654
0.3169494521032167	0.182738305643926	0.26075762931542357	0.23955461293743371
0.3180650331765843	0.18227085764122147	0.2619653737816592	0.23769873540053507
0.31608694628264605	0.18178767397499	0.2615688952735323	0.24055648446883168
0.31558525035824436	0.18178172747483445	0.2618102690813023	0.24082275308561893
0.3171907410899491	0.1818369319253253	0.2630056100320573	0.2379667169526683
0.31574080618182676	0.18197399109477702	0.2621798949277923	0.24010530779560393
0.3166040721844293	0.18271683673469388	0.26250118102796677	0.23817791005291006
0.315712447922199	0.18061112488050135	0.26321566405835073	0.24046076313894887
0.31619146403272	0.18076166004643981	0.26270317417286454	0.24034370174797562
0.315973904719133	0.1806755463108506	0.26199874723742217	0.2413518017325943
0.3145644804716286	0.18243183492999263	0.2614296241709654	0.24157406042741342
0.3179715344489815	0.18112564023886515	0.2622737035900583	0.23862912172209502
0.31810263653483994	0.1819385593220339	0.2624176082862524	0.23754119585687383
0.31646518546502017	0.18138030363846716	0.26228366349491183	0.23987084740160083
0.31480630025229306	0.18360213152248236	0.2609877154511801	0.24060385277404447
0.3151762272492903	0.18202345745595058	0.2621924838944829	0.24060783140027617
0.31852250292591233	0.18198583740202626	0.2592772109848798	0.24021444868718156
0.31555136663524974	0.18126767200754004	0.2617165409990575	0.2414644203581527
0.3162008134695422	0.1830247351494514	0.26029251797200154	0.24048193340900492
0.314220642412401	0.182030578736126	0.26293828933275265	0.24081048951872036
0.31466272189349115	0.18152071005917159	0.2631834319526627	0.24063313609467454
0.31563327657964435	0.18296561672342035	0.261415768066591	0.2399853386303443
0.3168605683311044	0.18044690092670398	0.26334725953629295	0.2393452712058987
0.31545956900309874	0.18301462184675926	0.2615437182614023	0.23998209088873965
0.31768978651784924	0.1813682936191573	0.2599875985472584	0.24095432131573508
0.31644398887789243	0.18244851312502947	0.26352561383665585	0.23758188416042225
0.31849581515973124	0.18214075209242014	0.260338323706236	0.23902510904161264
0.31789578922606443	0.18205716302046576	0.2599976476123265	0.24004940014114326
0.3159404211122651	0.1806368614861675	0.26352563497309034	0.23989708242847702
0.31693185442432403	0.18263108780136314	0.26053368297955276	0.23990337479476004
0.31662961975045195	0.18241901544115469	0.26127263566580716	0.23967872914258617
0.31612050552848026	0.18100020060653976	0.26192133863563954	0.24095795522934046
0.315716165890567	0.1837083989919557	0.2615485401653712	0.2390268949521061
0.3153397667872939	0.18154994205160954	0.26257125286785404	0.2405390382932425
0.31541212292876364	0.18107090591512062	0.26231530000472075	0.241201671151395
0.3163752645080446	0.18279131349670769	0.25978531995129506	0.24104810204395266
0.315603650678765	0.1820396490546719	0.2607963940426383	0.24156030622392477
0.3158719180956772	0.1831143267542693	0.2615192731700685	0.239494481979985
0.31656900753539036	0.18352835655319324	0.2612544035121882	0.23864823239922817
0.31639726947971564	0.1800186279017673	0.26261215057946924	0.24097195203904787
0.31783839084649895	0.18255848821416182	0.26031738565473284	0.2392857352846064
0.314998794167299	0.18276306269741835	0.261406883245984	0.24083125988929868
0.3151902774658044	0.18216747254306218	0.26093844207738776	0.2417038079137456
0.31748266641425493	0.1821682955110154	0.26195011713481153	0.23839892093991813
0.31647426945038626	0.181024272102109	0.26131254382708413	0.24118891462042064
0.31802128461103785	0.18223770954982105	0.25877048408363157	0.2409705217555095
0.317211554890443	0.18044647644185732	0.2610514408262583	0.24129052784144137
0.31645383046210807	0.18004999587298218	0.2630914900892615	0.24040468357564823
0.3158455581998366	0.18198771001314248	0.26189630471589764	0.24027042707112325
0.31694713601628954	0.18132742996158469	0.26237843533025934	0.23934699869186649
0.3155005242633805	0.18139512965210117	0.2636161213934803	0.23948822469103803
0.31616378801124684	0.18088273515582542	0.26196158117335727	0.24099189565957044
0.31758757802083704	0.1814213066204146	0.26111760055691247	0.2398735148018359
0.31626952928728075	0.18062410961819245	0.261525456791729	0.2415809043027978
0.3155627989621271	0.1810158681595406	0.2630690209045498	0.24035231197378254
0.31488946684005203	0.1826279702092446	0.2618453717933562	0.2406371911573472
0.3151699158410568	0.1804564231857297	0.26286353467561524	0.24151012629759833
0.3153699337599641	0.18057943781650151	0.26411515484568615	0.23993547357784828
0.3163757057475609	0.18118518343530746	0.2613746426968416	0.2410644681202901
0.31598480162587256	0.1816087891372861	0.26243704161880355	0.23996936761803775
0.317903677365244	0.18230895538256175	0.258927622175233	0.24085974507696123
0.31600459377484613	0.18288524397067052	0.2609558585352926	0.24015430371919078
0.3158006437692335	0.1822362137879806	0.2617876976406919	0.24017544480209402
0.3154656722239624	0.18211421513294368	0.26189223850077126	0.2405278741423227
0.31590370138203067	0.18184613746976624	0.2597354212621009	0.24251473988610223
0.31436659589525834	0.18235432885114414	0.26372965322009906	0.23954942203349847
0.31527008925925487	0.1817723829731748	0.2627754531122201	0.24018207465535021
0.3165371690699287	0.18248196812640388	0.2612888122373747	0.2396920505662927
0.31584383391861187	0.18323250804143182	0.2606722341901024	0.24025142384985393
0.3154135004878626	0.18285680494367404	0.2607728925815322	0.2409568019869312
0.31588518220158274	0.1827879922285931	0.26304316921764676	0.2382836563521774
0.31460780374825703	0.18183536974452297	0.2618344244085742	0.24172240209864582
0.31476250540366085	0.180976745012347	0.2624669118300201	0.24179383775397206
0.3145275786185845	0.18305884858380067	0.26239913868578596	0.24001443411182888
0.31447091386529774	0.18133590404769226	0.26111873388375006	0.2430744482032599
0.31544981641961906	0.18257795493235107	0.2606366887912166	0.24133553985681325
0.315584377302874	0.18205453205600589	0.2615003684598379	0.24086072218128224
0.3172037909070421	0.18070267000367704	0.261787277450271	0.2403062616390098
0.317773661046148	0.1812823750132745	0.25973757802451947	0.241206385916058
0.31742821767584456	0.18030776487235423	0.26354578149873237	0.2387182359530688
0.31573228132548264	0.18260525492095178	0.26370277628493977	0.2379596874686258
0.31579631533543684	0.18338237553326006	0.26106403847744647	0.2397572706538566
0.31727879750385224	0.1806105761567118	0.2632290516645905	0.23888157467484547
0.3170348772008523	0.18217125183711774	0.2622135129232749	0.23858035803875507
0.3158217220962088	0.1831384216572893	0.26196718413998293	0.23907267210651897
0.3179683381996719	0.18151936368428223	0.26117727883823816	0.23933501927780773
0.31670937798930054	0.18193252004676594	0.26091500643622234	0.24044309552771118
0.3155724183437809	0.18370292689824197	0.26203044728283925	0.23869420747513787
0.31725278294504977	0.17976201021643487	0.2616470310331591	0.24133817580535624
0.31461039344766045	0.18350450887000508	0.2619281180933921	0.23995697958894233
0.31423883662460605	0.18219053577119654	0.2633706724583624	0.24019995514583506
0.31630951536223656	0.18188107571134607	0.2606021902126351	0.24120721871378226
0.31488668939563746	0.18359149197211178	0.2602132905493883	0.24130852808286243
0.31872618399564506	0.18287732834725806	0.2598814229249012	0.2385150647321957
0.3168776868264531	0.1823037512513986	0.2601436900064778	0.24067487191567047
0.3159927708281654	0.18097144949620234	0.26153182843710504	0.24150395123852722
0.3150628233555063	0.18135107169253512	0.25984331116038434	0.2437427937915743
0.3156479073066919	0.18257862378812958	0.2628103570584062	0.2389631118467723
0.31664631905839963	0.18115495395118944	0.26143515829649033	0.2407635686939206
0.3157742351008639	0.18152542573180963	0.26205698483792056	0.24064335432940592
0.31417536139304897	0.183653914401306	0.262208105614309	0.23996261859133602
0.3162056037184658	0.18144670080779648	0.2618951875199584	0.24045250795377937
0.3170408577838229	0.18216129962963618	0.26063250369480606	0.24016533889173483
0.31564809785817177	0.18313575932179374	0.26222046425956974	0.23899567856046472
0.3137895969067411	0.18362086294356222	0.26093459933073987	0.24165494081895686
0.3172884526586235	0.1817762044020317	0.26059956666390405	0.24033577627544073
0.31600321103083534	0.1813819237852387	0.2634934126646834	0.23912145251924258
0.3154466537974159	0.1835703880908111	0.26270443752294553	0.23827852058882742
0.3162996218445256	0.18222846254136998	0.2627089146760901	0.23876300093801436
0.31519065190651907	0.18284605922982305	0.2622882959598827	0.2396749929037752
0.3179403761977996	0.18061634922512718	0.2607594936708861	0.24068378090618714
0.31756337620445807	0.18136435335889453	0.2621775065429174	0.23889476389373002
0.3144434928978531	0.18276585063343473	0.26065026725334434	0.24214038921536782
0.315622075599095	0.1820739407005532	0.2635721816178822	0.23873180208246958
0.3172287519933849	0.18160179552300515	0.26327446695410783	0.23789498552950208
0.3168439569780758	0.18209348177707466	0.2617973813768433	0.23926517986800627
0.31573506913885063	0.18085967264629615	0.2619656579856702	0.24143960022918304
0.31520930507173645	0.18136033536045346	0.2633229025211076	0.2401074570467025
0.31538366021960607	0.183371668805175	0.26317252144913994	0.23807214952607897
0.3154402930749791	0.18236105274994527	0.26173158072286307	0.24046707345221255
0.31619063424232907	0.18157194421559852	0.260910023055814	0.24132739848625837
0.31472147055529026	0.18269338474145605	0.2612853209765185	0.24129982372673517
0.3166711987042313	0.1820815057399241	0.26230448198810635	0.2389428135677382
0.3149633269160358	0.18141660859602915	0.2621151097830324	0.24150495470490274
0.3167068839784902	0.18023086910895433	0.26206074691551995	0.24100149999703557
0.3166604674778748	0.18174250340955383	0.2611570638280286	0.24043996528454276
0.315341846110352	0.1812243792112331	0.2630518776798756	0.24038189699853932
0.3162097355272328	0.18402060029057749	0.2617087374053556	0.23806092677683413
0.3179625392182303	0.18153617513151377	0.26229034464862827	0.2382109410016277
0.315835659681732	0.18266252046597642	0.26263589997290837	0.23886591987938324
0.3165118429810972	0.18195955538014763	0.26217138010049307	0.23935722153826217
0.31614786564730946	0.18090647456609638	0.2626198421526564	0.24032581763393776
0.31410317140759336	0.18238554273939508	0.2631155112384832	0.24039577461452832
0.3155631629758175	0.18240830130122423	0.26168406962763785	0.24034446609532045
0.3133076719654453	0.18162959480504218	0.2631093350571504	0.2419533981723621
0.3151658346804995	0.18170459457698981	0.2634879465633938	0.23964162417911686
0.3141260529571595	0.18321306584423042	0.2627553587601892	0.23990552243842087
0.31610107025975176	0.18287584397204942	0.2619630273903942	0.23906005837780464
0.3137060158910329	0.18398245365115398	0.26226116155883467	0.24005036889897843
0.3160058284861337	0.1825903593048464	0.2617310129956286	0.2396727992133913
0.3156318002488633	0.18298529819367698	0.2622500309604826	0.23913287059697708
0.3159844940200492	0.18092670061304084	0.2639497766737667	0.23913902869314327
0.3138071851970049	0.18163336465554433	0.26458994497928595	0.23996950516816482
0.31570987123445293	0.1819621473182247	0.2625607202804254	0.239767261166897
0.3142430012991867	0.18208783451090665	0.26207976650234033	0.24158939768756638
0.3144449303282079	0.18351041826712838	0.2622176785524341	0.23982697285222962
0.3149405269642688	0.18207397403089753	0.26244550279594353	0.24053999620889016
0.31732932345070924	0.1818596225342774	0.2602121764664093	0.24059887754860404
0.31439103509289296	0.18383367738130346	0.26158655263933944	0.24018873488646417
0.31705352913311224	0.18145428706774042	0.2612091425864519	0.2402830412126954
0.3156	0.18145882352941176	0.2618764705882353	0.24106470588235293
0.3163834448457576	0.18223103795369766	0.2600686837586595	0.24131683344188526
0.31603531857995276	0.18108135171910067	0.2632753918559926	0.23960793784495402
0.3160673726438748	0.18272027373823782	0.2614967110114746	0.2397156426064128
0.3154344530250628	0.18210783152508647	0.2652378357890747	0.23721987966077604
0.31649271535724643	0.18301295902721454	0.2616906528058159	0.23880367280972312
0.3166339304730577	0.1833660695269423	0.26111650140805076	0.23888349859194927
0.31853768930329296	0.1798994321639811	0.2630835682082735	0.2384793103244524
0.31561893182394984	0.18259565953880386	0.26152547674837245	0.24025993188887382
0.31637813252263813	0.18255428128678144	0.26040822603254216	0.24065936015803824
0.31636243221987664	0.1834335621744041	0.2612631790577898	0.2389408265479295
0.3171991231750046	0.1810430908671941	0.2616353613357992	0.24012242462200217
0.3145110819842479	0.18197007805212134	0.2628856849339332	0.2406331550296976
0.3169370446434384	0.1826279437266588	0.2618355715224223	0.23859944010748044
0.3163104373617061	0.18209476954945625	0.2623640600725013	0.23923073301633632
0.3171010205590889	0.18094364738943944	0.2625469605088005	0.2394083715426712
0.3178164076574581	0.18217473227839504	0.26137189233250047	0.2386369677316464
0.31616772110887265	0.1829899032740725	0.26067696367770593	0.24016541193934896
0.31574002399087636	0.18197611548711526	0.2620500972044129	0.24023376331759547
0.31634630152522947	0.18325201138901032	0.2609489266684782	0.239452760417282
0.31455618916643946	0.18331574766742936	0.26185846898007087	0.2402695941860603
0.31635763196363786	0.18326655500778258	0.2607136304722224	0.23966218255635716
0.3129673450070989	0.18436464742072883	0.26138192143871275	0.24128608613345953
0.31539698265889093	0.1826422795578996	0.25932759449213627	0.24263314329107316
0.3147576403360154	0.18342709729215984	0.2605122877028519	0.24130297466897288
0.31512177217887544	0.18329169675945112	0.26149939025112184	0.2400871408105516
0.31647800527542197	0.18156441100978202	0.26261192529245475	0.2393456584223413
0.314684652703822	0.18386581469648564	0.26277955271565495	0.2386699798840374
0.316013724525775	0.18000106667298768	0.26189192232250263	0.24209328647873468
0.31461863154285447	0.18269742364945551	0.26379512160516455	0.2388888232025255
0.31740725400863856	0.18297733861901663	0.2607478847405479	0.23886752263179695
0.31509134748595446	0.18070825988787162	0.2622577773585573	0.2419426152676166
0.3162409814965697	0.18259000791148583	0.26119711407890234	0.23997189651304215
0.31618671895301315	0.18233682171458268	0.26172308709928893	0.23975337223311521
0.3175823916582132	0.18010568779636227	0.2637830569251457	0.23852886362027884
0.3149054209578895	0.18224687933425798	0.2625077463334022	0.24033995337445038
0.31461937767465536	0.18286800002367606	0.2630765861483187	0.23943603615334988
0.31505127003801514	0.18166614279698962	0.26142678377625034	0.2418558033887449
0.3174445253788619	0.1803672843344526	0.26099573021597644	0.24119246007070905
0.31478120470000354	0.1823372735736762	0.26230097464968005	0.24058054707664023
0.31791333345158485	0.18049322714345684	0.26253022804808107	0.23906321135687722
0.31788258528671853	0.18118872404956152	0.2618319892789128	0.2390967013848071
0.31831318195222646	0.18313771748746682	0.26069006192863464	0.23785903863167207
0.31543865439243746	0.18241021228444465	0.2626622190266269	0.239488914296491
0.31659383502750327	0.18147445788525188	0.26119860069023193	0.24073310639701292
0.31564756690423373	0.18246448293765044	0.26177608911124745	0.24011186104686835
0.3150090715142633	0.18197989492408886	0.2642145014213024	0.2387965321403455
0.3160696226113802	0.18347793687124075	0.2605465954590349	0.2399058450583441
0.31620572050052903	0.1817048013665837	0.26254130191924624	0.23954817621364102
0.316296265721648	0.1818787553584801	0.2617650700803698	0.2400599088395021
0.31681337245487684	0.18186775732788002	0.25999229424142734	0.24132657597581578
0.3150062619627118	0.18206361208913255	0.26175004135258395	0.24118008459557172
0.31493015340251024	0.18244616730091948	0.26117427376084335	0.24144940553572694
0.3153373870948698	0.18299781569159926	0.26262471220260936	0.23904008501092155
0.31684750759176716	0.18203074591702037	0.2604642077036458	0.24065753878756665
0.3159825214206948	0.1815319113805365	0.26299246958644645	0.2394930976123223
0.3159274157925425	0.1826207822650466	0.26127134266648605	0.24018045927592482
0.3162594876660342	0.18222248576850095	0.2626126660341556	0.23890536053130929
0.3169114416992176	0.18168758236669952	0.2620715447540575	0.23932943118002542
0.31774978612938437	0.18195816985751792	0.26043246113454677	0.239859582878551
0.3161561696203129	0.18276423531632724	0.263226514382802	0.23785308068055785
0.31643773513809487	0.18133378864507468	0.2636431611980194	0.23858531501881106
0.3146727608789366	0.18182838178586402	0.263669164585068	0.23982969275013138
0.3161386897301407	0.18183870220437548	0.26181042727224124	0.24021218079324252
0.3168938762726988	0.18271906965200588	0.261719465569915	0.23866758850538033
0.31680566055566056	0.18174730674730674	0.26001110376110376	0.24143592893592894
0.3166967493106469	0.18217147695003144	0.2635886340519852	0.23754313968733648
0.3168213922944275	0.1814955235867999	0.259590626697848	0.24209245742092458
0.31628652781626	0.18070399867948664	0.26228106890839525	0.24072840459585806
0.3159024009646416	0.18206428579872563	0.26203142178245914	0.2400018914541736
0.31637497342875365	0.18071399891353127	0.2625593424502232	0.24035168520749192
0.3152608190171558	0.18035727985741853	0.26349241945859175	0.24088948166683388
0.31620548682723654	0.18237754625110192	0.2615857013542536	0.239831265567408
0.31650623043760706	0.18148585602078782	0.26141262623279987	0.24059528730880528
0.3155215383343373	0.18208662579875506	0.26297792424081357	0.23941391162609404
0.3153921464548168	0.1830449296389351	0.26214657277327574	0.23941635113297238
0.3152651071432797	0.18059351815696995	0.2621135209967697	0.2420278537029806
0.31694069810049524	0.18386898500017732	0.2601683195234099	0.23902199737591753
0.3167994057689927	0.1811166591012256	0.2611904663652281	0.24089346876455364
0.3160691432581785	0.18326737870147028	0.25958799488089834	0.24107548315945293
0.31585446553068797	0.18130952662302366	0.2627029518115	0.24013305603478835
0.3170184898936861	0.18259212498082572	0.2609765306965274	0.23941285442896082
0.31619279270769374	0.1825851320077457	0.26107542625041325	0.24014664903414726
0.31485964216594364	0.18346245583300289	0.2599534803889655	0.241724421612088
0.3157367288590208	0.1815368290741887	0.26320629587054556	0.23952014619624487
0.31541773213410423	0.18276039236761135	0.26142879921573725	0.2403930762825472
0.3170877569025443	0.18164808422199458	0.2617252956118588	0.2395388632636023
0.3160805912535894	0.1848197053146919	0.2618921527091277	0.23720755072259098
0.3167187961050457	0.1818766597816465	0.26119799350840955	0.2402065506048982
0.3168404363790675	0.18166547807790462	0.26028325740117525	0.24121082814185266
0.3168201339672328	0.1817335619141879	0.26282674395998656	0.2386195601585927
0.317149107548249	0.18252952726886768	0.26073035397342986	0.23959101120945345
0.3161240858693088	0.18172328379334748	0.2617362585515452	0.24041637178579853
0.3160153509676887	0.18345113805849167	0.260406411563924	0.2401270994098956
0.3150135392638652	0.18288330275445852	0.2613461390975004	0.2407570188841759
0.3153371841666962	0.1829204909221919	0.2616912954628678	0.24005102944824408
0.3173558212236359	0.18195571366943036	0.26051756029240564	0.2401709048145281
0.3164356995915095	0.18037241598830528	0.2616343155574156	0.2415575688627696
0.3160305433741918	0.18252148319759814	0.2614330799872342	0.24001489344097587
0.31652274443186107	0.1815484616836542	0.2620210456776142	0.23990774820687052
0.31879228337617066	0.1786049809447842	0.2630328813258885	0.23956985435315667
0.3168154823216419	0.18033867578591736	0.26197048800155387	0.24087535389088682
0.31776565408997715	0.18318290010133623	0.26097023542997194	0.23808121037871469
0.316100826076197	0.1815423231478099	0.2607796462366985	0.2415772045392946
0.3168180209930416	0.17998584738766363	0.2642528600070763	0.23894327161221843
0.31718420152606935	0.18357647447312866	0.2599389100515373	0.23930041394926468
0.3173955710046229	0.18154033507135342	0.2617375471452725	0.23932654677875123
0.31617573256342585	0.1823452657184524	0.26140838750435436	0.2400706142137674
0.3161676222835705	0.18004530331988391	0.26321346829947384	0.2405736060970718
0.31693669765382915	0.18175593920613842	0.2606463036741921	0.24066105946584035
0.3181039103315448	0.18224654113239996	0.2608890276297112	0.23876052090634406
0.3162573540681703	0.1818621266962991	0.2610797363736043	0.24080078286192627
0.3170663955838722	0.18047494651237012	0.2615101833355004	0.2409484745682573
0.31715972152747945	0.18233123635443454	0.2612062826978644	0.2393027594202216
0.31709160030460626	0.18304122220320074	0.2612943405805229	0.23857283691167008
0.3178982966672382	0.1816730618012404	0.2592483105611361	0.2411803309703853
0.3168431570794236	0.18392843417232796	0.2606322909460714	0.23859611780217702
0.31766011058591653	0.18105640825912747	0.26203669280837477	0.23924678834658122
0.3140376010328788	0.18209794662280468	0.26314238045548066	0.24072207188883582
0.31499286167042834	0.18242134508640045	0.26267275646152116	0.23991303678165005
0.3170121388514233	0.18313575163862664	0.2611213648517546	0.2387307446581955
0.3175228388026385	0.18037191668782737	0.2630167888082485	0.2390884557012856
0.3157876064333018	0.1824266792809839	0.2617372280037843	0.24004848628192998
0.3159521164708941	0.18203304105315402	0.26101368438467537	0.2410011580912765
0.3167107157184322	0.18272883875687282	0.2599287349269651	0.2406317105977299
0.3169979884037392	0.18268843923796	0.26037747012187906	0.23993610223642173
0.3162644924121029	0.18134956169290226	0.2615055613158639	0.2408803845791309
0.31727813804743715	0.18241094430132362	0.260886559474105	0.23942435817713423
0.3151403258343459	0.18097844680123162	0.26225417910271687	0.2416270482617056
0.31725420736800325	0.18061026828820398	0.26150547061506657	0.2406300537287262
0.3177945895028112	0.18147831974331047	0.2610226369550499	0.2397044537988284
0.31483732401845665	0.18337483331169827	0.2600868549310235	0.24170098773882157
0.31639714667644586	0.18169235683106005	0.262631161794802	0.23927933469769203
0.3170636539382438	0.18033804515545465	0.26164505849872005	0.24095324240758148
0.3154719387002131	0.18283676806555016	0.26198811076937606	0.23970318246486066
0.31725480939454737	0.18117549864274754	0.2625103269208073	0.2390593650418978
0.3163304350897435	0.1815650515385023	0.2602944552695249	0.2418100581022293
0.3174859840660962	0.18164060194747714	0.26236057834169374	0.23851283564473297
0.31745347119645495	0.18266469719350073	0.25934416543574595	0.24053766617429836
0.31632857648307583	0.18177261469512915	0.25993041632267955	0.24196839249911548
0.31490752738838496	0.18223583460949463	0.2621922487925551	0.24066438920956532
0.315989847715736	0.18148388619997638	0.26133868492503837	0.2411875811592492
0.31700959491416475	0.1821382446083895	0.2616987774888099	0.2391533829886359
0.3151400543670961	0.18087696489776622	0.2630185557262735	0.2409644250088642
0.31684107567937025	0.18228098706073675	0.2617608239647411	0.2391171132951519
0.31848905389080406	0.18055334570847698	0.26187571820030053	0.2390818822004184
0.31735793262292283	0.18226212145310172	0.26113182650903327	0.23924811941494217
0.3163834800942577	0.18211938130082742	0.26145886855300227	0.2400382700519126
0.31752053789152207	0.18086365681005706	0.2620563933805251	0.2395594119178958
0.3151506934906778	0.18288348295598558	0.2634557232874936	0.23851010026584302
0.31680121209251677	0.18332899315830592	0.26083070950024856	0.23903908524892878
0.3162798656965663	0.18191152259731982	0.2629007417373294	0.2389078699687845
0.3166140680590523	0.18372279942791628	0.2603926574707753	0.23927047504225618
0.3163801802120767	0.18002915021803656	0.2613134120507237	0.24227725751916301
0.31643611588350246	0.182598581861764	0.2609681361696098	0.23999716608512373
0.31483033343169076	0.1821540277367955	0.26207140749483626	0.24094423133667747
0.3158384338727166	0.18345943960230607	0.260296374420079	0.24040575210489828
0.3139036038918714	0.1822744456690487	0.26359014470082126	0.2402318057382586
0.3170577762428472	0.18170667079510067	0.2610678750275394	0.2401676779345127
0.31543989353837054	0.18182463403814875	0.26242200207008726	0.24031347035339345
0.3156583251650389	0.1830898591116832	0.2616826292854022	0.2395691864378757
0.317144816010024	0.18151943922361313	0.26221970046219134	0.23911604430417155
0.3161362630880401	0.18233298923462615	0.2598141866981271	0.2417165609792066
0.31633936002549984	0.18189277092076758	0.2605939331692373	0.2411739358844953
0.31647163120567373	0.1812884160756501	0.2604314420803783	0.24180851063829786
0.3153555134538544	0.18308928118231022	0.2605839545301627	0.2409712508336727
0.3152787715013866	0.18251861137555656	0.2615763051615154	0.2406263119615414
0.3123771520591091	0.18389892722665593	0.2633859852700879	0.2403379354441471
0.3155490698557327	0.18202472475322704	0.2626055903568717	0.23982061503416857
0.31712285093519743	0.18146608728509353	0.26371504817683733	0.2376960136028717
0.315874956442649	0.18261013365462417	0.26214733310890226	0.2393675767938246
0.31458619652347275	0.18303969045105198	0.2628216849419301	0.23955242808354518
0.31531760929940605	0.18189031864559338	0.26250214660895005	0.24028992544605055
0.31512557986006734	0.18095170730844723	0.26287186197709445	0.241050850854391
0.317449065787686	0.18149651184083834	0.2618393615575915	0.2392150608138841
0.3165108997598757	0.1818706153773718	0.2629596497010217	0.23865883516173078
0.31532280900467224	0.1819340223700977	0.26252418707820097	0.24021898154702911
0.31846682489638317	0.18114940900020074	0.26305690365699574	0.23732686244642034
0.3151427092402174	0.1807571942869244	0.26385914962705004	0.24024094684580813
0.3160984234566082	0.18197141594224253	0.2621953735081774	0.23973478709297186
0.31431909231976496	0.18295798497819893	0.26227970286806657	0.24044321983396957
0.3144137592602447	0.18150375139679667	0.26354375447122746	0.2405387348717312
0.31755129506764573	0.1815396784171133	0.26008783321134277	0.2408211933038982
0.316398808646162	0.18332104626817258	0.2632479136563357	0.23703223142932972
0.31553527196627984	0.18262324349568743	0.26251943460808597	0.23932204992994674
0.31576805336825153	0.18181067482998012	0.2623231232931656	0.24009814850860273
0.31490465582140176	0.18239190682448045	0.2615981894356168	0.24110524791850096
0.31632955164491605	0.18265199782098956	0.2619431088794676	0.23907534165462685
0.3147567925465251	0.1837357232377214	0.2625682801674194	0.23893920404833408
0.31506484119978434	0.1825269406446797	0.2612605674271462	0.24114765072838973
0.3160983525008587	0.18307849012803354	0.26248060546481744	0.23834255190629033
0.3173246819248202	0.1814963863823048	0.26089551533202143	0.24028341636085357
0.31435735348648314	0.1832971353568885	0.26375670251149214	0.23858880864513624
0.31456777578221	0.18325810568106626	0.2629265526042159	0.2392475659325078
0.31584799645127903	0.1810143427473015	0.2626585834688748	0.24047907733254473
0.3151078796197147	0.18208494299862155	0.2625258088752951	0.24028136850636866
0.3154704055751772	0.1814184464408467	0.2627882997131818	0.2403228482707943
0.31561573819369265	0.18158316621411374	0.26387089522660184	0.2389302003655918
0.31379091668790415	0.1818499706626681	0.26301658892767604	0.24134252372175172
0.3153595157591091	0.18186224670749296	0.26308136098172274	0.2396968765516752
0.31534374649102587	0.1827030477102282	0.26248012812557253	0.2394730776731734
0.3134148644820096	0.18281353291151195	0.26381150250259705	0.23996010010388139
0.314670866067147	0.18097482135774037	0.2640708530426906	0.24028345953242203
0.3166017904646795	0.181564494054496	0.26257383741253565	0.23925987806828886
0.3152077441037596	0.18154385051418293	0.2636770292178976	0.23957137616415985
0.31580908445706174	0.1827064111663118	0.26149160160870594	0.2399929027679205
0.3155504771828451	0.18294574561299642	0.26145002012930113	0.24005375707485732
0.3190446668437989	0.18022613881262362	0.2619903758155463	0.23873881852803117
0.3170940271749387	0.18141984336667297	0.2622133893187394	0.239272740139649
0.31701347829412213	0.18050089129705785	0.2625237532136701	0.23996187719514994
0.3153731818664402	0.18148305434641565	0.26178174139741184	0.24136202238973234
0.3173333175405972	0.1794212751844789	0.2626351759508214	0.24061023132410247
0.31686501630351616	0.18043931207401914	0.26441124883756517	0.23828442278489953
0.31477017557301396	0.18141955408344285	0.2626110223783395	0.24119924796520364
0.31547041132870773	0.18359421250799213	0.26017073575031374	0.24076464041298634
0.3161655695902271	0.18254165925398802	0.2635829923501156	0.2377097788056692
0.315245401673838	0.1825322710293631	0.2619686510000473	0.24025367629675162
0.31735534254199255	0.18097206022534176	0.26236389795084636	0.2393086992818193
0.3164245100518025	0.18285519406828993	0.2608529479211379	0.23986734795876968
0.3154417009036198	0.1818026418942417	0.26260381606946026	0.24015184113267826
0.3158907067715309	0.18060169096519538	0.2635982276135914	0.2399093746496823
0.3156622518513265	0.18251449442385773	0.26120104253470683	0.24062221119010893
0.31728738976915843	0.1814321285568114	0.2604907823062865	0.2407896993677437
0.3177319855152809	0.18204980006841318	0.26146215454298827	0.2387560598733177
0.31647119777683574	0.18127973246667609	0.2625818378785738	0.23966723187791436
0.31851711969029944	0.18140616332456005	0.2612036304837891	0.2388730865013514
0.31685528505174715	0.18195281983502284	0.2612138448648202	0.23997805024840982
0.3143561727885217	0.18149638352349826	0.26380809665962646	0.24033934702835366
0.3195066002003473	0.1798265632131447	0.26100873111370604	0.23965810547280195
0.31687836231150457	0.18199743375437027	0.2610272045580289	0.24009699937609624
0.3149231051221863	0.18199341323384202	0.26297397813477447	0.24010950350919724
0.31659573460557233	0.18169064939831064	0.2625887144032532	0.2391249015928638
0.31536949708734424	0.1838307767672177	0.26238690219732874	0.23841282394810928
0.31731966183090365	0.181184771771258	0.26180966483973545	0.2396859015581029
0.3173673186417677	0.1825235271557955	0.26189338289524144	0.23821577130719532
0.31446574338422617	0.18247536632797215	0.26220157348134226	0.24085731680645944
0.3169419900115252	0.18056089127929312	0.26301013623334024	0.2394869824758415
0.31734695085148934	0.1818483058971112	0.2622989621178949	0.23850578113350454
0.31622123192945545	0.18236031158760743	0.262881357935673	0.23853709854726415
0.3154014602848559	0.1813432967966993	0.26285127406017034	0.24040396885827445
0.31574966912459823	0.1806934203062961	0.2637017867271696	0.2398551238419361
0.31785279193821186	0.1812009887991295	0.26139307130944917	0.23955314795320945
0.31642497850133705	0.18178444792611528	0.26266065096773433	0.23912992260481333
0.3165860674902186	0.18172993258081127	0.2630413808207502	0.23864261910821993
0.3138649030420161	0.18187674722365055	0.263527131095705	0.24073121863862834
0.31709573540662195	0.1813831017488925	0.2612663903072571	0.24025477253722846
0.31694134325713275	0.1816468781381062	0.2616575107803178	0.23975426782444326
0.31588278604034753	0.18170519805625093	0.26116330437343543	0.24124871152996613
0.31685767032552214	0.182767793421138	0.2605297771066927	0.23984475914664716
0.31679645621517183	0.1822080324218612	0.26185483205900023	0.23914067930396674
0.31657563062346433	0.18097611850594827	0.26348600284008883	0.23896224803049854
0.31630983669491775	0.18166140034846293	0.26149484688302865	0.24053391607359065
0.31408949331252917	0.18189447803448053	0.26399995271783777	0.2400160759351525
0.31780296963333393	0.1814525457813529	0.26088994085648354	0.23985454372882964
0.3157066489063872	0.18150848426623917	0.26164781601607856	0.24113705081129508
