A	C	G	T
0.2648473010029676	0.2437173659892566	0.23733143007400173	0.2541039029337741
0.2680778332895083	0.23988580444010368	0.23740655873182825	0.2546298035385598
0.26941136696592916	0.240430487209346	0.23244806731527742	0.25771007850944744
0.26728898238232973	0.24174523872131023	0.23500244168137938	0.25596333721498066
0.2692047631569062	0.2394913789865144	0.2356034709439916	0.2557003869125878
0.2686788625521205	0.23793245933661394	0.23748168738965478	0.25590699072161077
0.2651478156342737	0.24322902971338417	0.23652379700236656	0.2550993576499756
0.26991848540625824	0.24373614815371322	0.23346230419593553	0.252883062244093
0.2646406971939446	0.24420570226512903	0.23368769016941512	0.25746591037151123
0.26574884489688594	0.24144472409000414	0.23581007475301455	0.2569963562600954
0.26824687276961795	0.24315390105555765	0.23363134367604524	0.25496788249877916
0.26820930844070473	0.24056196236054242	0.23383794748506817	0.2573907817136847
0.2660305773637354	0.24176402088576687	0.23511513466811915	0.2570902670823786
0.2708388114646332	0.2446001277187183	0.23383794748506817	0.2507231133315803
0.2651665977987303	0.24281582209533828	0.2340821156230044	0.25793546448292703
0.2631005597085008	0.24454378122534842	0.2356785996018181	0.25667705946433267
0.2665564779685211	0.2447128207054581	0.23306787874234627	0.25566282258367456
0.26648134931069456	0.24599000788850908	0.23616693587769055	0.25136170692310583
0.2631569062018707	0.24546410728372337	0.23562225310844823	0.2557567334059577
0.26967431726832203	0.2439990984561061	0.23404455129409113	0.2522820329814808
0.26582397355471243	0.24287216858870816	0.2358476390819278	0.2554562187746516
0.2666879531197175	0.23894669621727208	0.23671161864693288	0.25765373201607755
0.26403966793133243	0.24491942451448104	0.23321813605799932	0.2578227714961872
0.26646256714623795	0.24505089966567747	0.23710604410052213	0.25138048908756244
0.2659742308703655	0.24632808684872845	0.23254197813756058	0.2551557041433455
0.26721385372450324	0.2430224259043612	0.23241050298636415	0.2573532173847714
0.2668382104353706	0.23862739942150935	0.2371436084294354	0.2573907817136847
0.2648660831674242	0.24091882348521843	0.24020510123586641	0.25400999211149095
0.2646406971939446	0.2462341760264453	0.232673453288757	0.25645167349085307
0.26535441944329663	0.2446001277187183	0.23545321362833854	0.2545922392096465
0.26527929078547013	0.24360467300251681	0.23629841102888696	0.2548176251831261
0.26871642688103375	0.2425528717929454	0.23242928515082079	0.2563014161752
0.2649599939897074	0.24046805153825926	0.23671161864693288	0.2578603358251005
0.2688103377033169	0.24332294053566733	0.23535930280605538	0.25250741895496037
0.2642087074114421	0.24668494797340446	0.23704969760715225	0.2520566470080012
0.2680966154539649	0.2435483265091469	0.23058863303407084	0.2577664250028173
0.2650914691409038	0.24144472409000414	0.23697456894932573	0.25648923781976635
0.26527929078547013	0.24307877239773112	0.23511513466811915	0.2565268021486796
0.26460313286503134	0.24259043612185868	0.2357912925885579	0.25701513842455204
0.2672702002178731	0.24076856616956538	0.23815784531009354	0.25380338830246796
0.2658051913902558	0.2408436948273919	0.23641110401562676	0.25694000976672554
0.2634198565042635	0.24428083092295555	0.23688065812704256	0.2554186544457383
0.26725141805341646	0.24105029863641486	0.23550956012170843	0.25618872318846025
0.2689042485256001	0.2438864054693663	0.23488974869463958	0.25231959731039405
0.26841591224972766	0.24593366139513917	0.23393185830735133	0.2517185680477818
0.27016265354419444	0.24069343751173886	0.2359039855752977	0.253239923368769
0.2700687427219113	0.2407310018406521	0.23229780999962435	0.25690244543781227
0.2632320348596972	0.24578340407948612	0.2365425791668232	0.2544419818939935
0.2675707148491792	0.24151985274783067	0.2326171067953871	0.258292325607603
0.26430261823372525	0.24334172270012397	0.23879643890161903	0.25355922016453175
0.26334472784643703	0.24326659404229745	0.23502122384583599	0.25836745426542956
0.26646256714623795	0.24144472409000414	0.2347207092145299	0.25737199954922807
0.26479095450959766	0.24491942451448104	0.23597911423312423	0.25431050674279704
0.2663310919950415	0.24309755456218773	0.23550956012170843	0.2550617933210623
0.2634010743398069	0.24527628563915704	0.2340257691296345	0.2572968708914015
0.2648660831674242	0.24760527403177943	0.23658014349573644	0.2509484993050599
0.2669133390931971	0.24362345516697345	0.23304909657788964	0.2564141091619398
0.2666691709552609	0.2440178806205627	0.23500244168137938	0.25431050674279704
0.2648473010029676	0.24540776079035348	0.2365613613312798	0.2531835768753991
0.26505390481199054	0.2437737124826265	0.2370684797716089	0.2541039029337741
0.26552345892340634	0.24290973291762144	0.23445775891213702	0.2571090492468352
0.26728898238232973	0.24236505014837909	0.2358476390819278	0.25449832838736336
0.26665038879080427	0.24058074452499906	0.2383081026257466	0.2544607640584501
0.2651290334698171	0.23917208219075167	0.2379136771721573	0.25778520716727393
0.26529807294992674	0.2428346042597949	0.23468314488561662	0.25718417790466175
0.26676308177754404	0.24058074452499906	0.23601667856203748	0.2566394951354194
0.2656737162390594	0.245126028323504	0.23487096653018294	0.25432928890725365
0.2636264603132865	0.245839750572856	0.23618571804214716	0.2543480710717103
0.2661057060215619	0.24514481048796063	0.23526539198377222	0.25348409150670526
0.26531685511438335	0.24251530746403216	0.23851470643476955	0.2536531309868149
0.2658803200480823	0.2450696818301341	0.23458923406333346	0.2544607640584501
0.264415311220465	0.24339806919349385	0.23751925171856805	0.25466736786747307
0.2631569062018707	0.24456256338980503	0.23434506592539725	0.25793546448292703
0.2627061342549115	0.2437737124826265	0.23577251042410127	0.2577476428383607
0.265185379963187	0.24433717741632546	0.23504000601029262	0.25543743661019497
0.26357011381991663	0.24602757221742233	0.23718117275834869	0.2532211412043124
0.2658427557191691	0.24279703993088164	0.235378084970512	0.25598211937943727
0.264265053904812	0.2435483265091469	0.23650501483790992	0.2556816047481312
0.26646256714623795	0.2448818601855678	0.23515269899703242	0.25350287367116187
0.2671575072311333	0.24739867022275647	0.23400698696517785	0.2514368355809323
0.26794635813831186	0.2449569888433943	0.23547199579279515	0.25162465722549865
0.26725141805341646	0.24674129446677434	0.23248563164419067	0.2535216558356185
0.2655046767589497	0.24409300927838923	0.2353217384771421	0.25508057548551893
0.26531685511438335	0.24497577100785095	0.23504000601029262	0.25466736786747307
0.26479095450959766	0.24358589083806018	0.2357161639307314	0.25590699072161077
0.26578640922579916	0.2453514142969836	0.23693700462041245	0.2519251718568048
0.2683595657563578	0.2437737124826265	0.23440141241876714	0.2534653093422486
0.26777731865820215	0.23994215093347357	0.23633597535780024	0.25594455505052405
0.26480973667405433	0.24290973291762144	0.2408436948273919	0.2514368355809323
0.2652041621276436	0.24080613049847865	0.23781976634987417	0.2561699410240036
0.265899102212539	0.24375493031816986	0.23624206453551708	0.2541039029337741
0.2659178843769956	0.2448818601855678	0.2350775703392059	0.2541226850982307
0.26745802186243944	0.2421960106682694	0.23787611284324406	0.2524698546260471
0.2658803200480823	0.2453514142969836	0.2380263701588971	0.250741895496037
0.26355133165545996	0.2443747417452387	0.23800758799444047	0.25406633860486083
0.266612824461891	0.24407422711393262	0.23504000601029262	0.25427294241388376
0.26358889598437324	0.2441869201006724	0.23592276773975432	0.2563014161752
0.2653732016077533	0.242064535517073	0.23665527215356297	0.25590699072161077
0.2642274895758987	0.24450621689643515	0.23505878817474926	0.25620750535291686
0.2657300627324293	0.24597122572405244	0.23780098418541754	0.2504977273581008
0.26629352766612824	0.24379249464708314	0.2356785996018181	0.2542353780849705
0.2629315202283911	0.24572705758611624	0.23885278539498891	0.25248863679050376
0.26557481734688126	0.24551584245816352	0.23736453618316022	0.25154480401179496
0.2656499445936555	0.24318689780816258	0.23757113611178934	0.2535920214863926
0.2651428356779295	0.24388182484082416	0.23764626335856356	0.2533290761226828
0.26472963582067127	0.2441635520162275	0.2378904269105798	0.25321638525252144
0.2653118719831715	0.24761940536784177	0.23296959224686814	0.25409913040211857
0.25965854666341115	0.24771331442630956	0.23710159081945045	0.25552654809082886
0.2640722724113968	0.24491482448396973	0.2360498093646113	0.2549630937400222
0.2669646714122044	0.2439006066525177	0.23757113611178934	0.25156358582348853
0.26149916420937963	0.2465864057246962	0.2363503183517082	0.25556411171421595
0.2637154179892192	0.24613564224405085	0.23640666378678887	0.25374227597994103
0.26459816313881634	0.2467554420299382	0.23522340965009486	0.2534229851811506
0.2646732903855906	0.24425746107469526	0.2369888999492891	0.25408034859042505
0.2653682174182522	0.24508386078921174	0.23858535394324137	0.2509625678492947
0.26523674473639725	0.24412598839284036	0.23914880829404805	0.2514884585767143
0.26476719944405835	0.24260466164566233	0.23952444452791916	0.25310369438236013
0.26146160058599255	0.24425746107469526	0.23948688090453205	0.2547940574347802
0.2627012001577672	0.2445391882500986	0.23766504517025713	0.25509456642187706
0.2679037619968822	0.24328080686663037	0.23680108183235354	0.25201434930413386
0.2656875082170426	0.24570366057509907	0.23606859117630485	0.25254024003155345
0.26129256428075054	0.24555340608155063	0.23678230002066	0.25637172961703886
0.26546212647671996	0.24446406100332438	0.23546757320211106	0.2546062393178446
0.26493623574930036	0.24482091542550194	0.23751479067670866	0.252728058148489
0.2648798903142197	0.24570366057509907	0.2339650282666266	0.25545142084405464
0.2670022350355915	0.24643615123114776	0.2385665721315478	0.2479950416017129
0.2610859643521214	0.24636102398437354	0.23941175365775783	0.2531412580057472
0.2620626185601863	0.24485847904888905	0.2387919538718705	0.25428694851905415
0.2615930732678474	0.24737524181582554	0.23676351820896643	0.2542681667073606
0.26202505493679923	0.2512442950246981	0.23727062712469243	0.24946002291381025
0.2675469075747047	0.2451777698476795	0.23676351820896643	0.2505118043686494
0.26059763724808893	0.24716864188719645	0.23807824502751535	0.2541554758371993
0.2623443457355897	0.25069962248558497	0.2369888999492891	0.24996713182953628
0.26566872640534905	0.24468944274364704	0.23529853689686908	0.2543432939541348
0.2645042540803486	0.24583513325695397	0.23683864545574065	0.25282196720695677
0.2649174539376068	0.24572244238679264	0.2374208816182409	0.25193922205735964
0.2637341998009128	0.24701838739364798	0.2374208816182409	0.25182653118719833
0.26367785436583213	0.2468869147117931	0.23657570009203088	0.2528595308303439
0.262626072910993	0.2446706609319535	0.2378904269105798	0.2548128392464737
0.26365907255413856	0.24897169580977782	0.23503559153315928	0.2523336401029243
0.2625321638525252	0.2500422590763105	0.2337020829029168	0.25372349416824747
0.2660067990158331	0.24566609695171196	0.23762748154687002	0.25069962248558497
0.2615930732678474	0.25006104088800407	0.23809702683920891	0.2502488590049396
0.2627012001577672	0.24673666021824464	0.23670717277388578	0.25385496685010234
0.2611610915988956	0.24919707755010048	0.23676351820896643	0.2528783126420375
0.2642788723400259	0.24299907969122703	0.2367447363972729	0.2559773115714742
0.2621565276186541	0.24538436977630862	0.24055744417106473	0.25190165843397255
0.2656875082170426	0.2444077155682437	0.24076404409969385	0.2491407321150198
0.2629265818980899	0.24983565914768138	0.23422797363033637	0.25300978532389234
0.26410983603478394	0.24797625979001933	0.2325563923896099	0.25535751178558685
0.26191236406663787	0.24900925943316493	0.2372518453129989	0.25182653118719833
0.26365907255413856	0.24900925943316493	0.2350731551565464	0.2522585128561501
0.26136769152752476	0.24865240501098737	0.23685742726743422	0.2531224761940537
0.2590763105009109	0.2488965685630036	0.2382284995210638	0.2537986214150217
0.2665326897432526	0.24237927990533967	0.23926149916420938	0.25182653118719833
0.26320830907349324	0.24837067783558403	0.23685742726743422	0.25156358582348853
0.262964145521477	0.24296151606783992	0.2392051537291287	0.2548691846815544
0.26418496328155816	0.24743158725090622	0.2347350825460624	0.25364836692147325
0.26294536370978344	0.24976053190090716	0.23625640929324043	0.251037695096069
0.2637154179892192	0.24807016884848712	0.23687620907912776	0.2513382040831659
0.2659128899573653	0.24639858760776065	0.23817215408598313	0.24951636834889093
0.2648047630674455	0.24686813290009954	0.23924271735251582	0.24908438667993915
0.262626072910993	0.2460417331855831	0.24016302612550006	0.25116916777792386
0.2627012001577672	0.24773209623800313	0.2390361174238867	0.25053058618034296
0.2646732903855906	0.2460792968089702	0.24063257141783898	0.24861484138760026
0.26123621884566983	0.2472249873222771	0.24091429859324232	0.25062449523881075
0.2629265818980899	0.2470559510170351	0.23704524538436977	0.2529722217005052
0.26226921848881546	0.24487726086058262	0.2385665721315478	0.25428694851905415
0.2636027271190579	0.24525289709445372	0.24076404409969385	0.2503803316867945
0.2664199988730913	0.24348740679525946	0.24001277163195162	0.25007982269969764
0.26210018218357345	0.24551584245816352	0.23785286328719268	0.2545311120710704
0.2668895441654302	0.24542193339969573	0.2363878819750953	0.25130064045977873
0.26476719944405835	0.24346862498356592	0.24085795315816164	0.25090622241421406
0.26410983603478394	0.2445767518734857	0.24224780722348477	0.24906560486824558
0.2625885092876059	0.24694326014687376	0.24067013504122609	0.24979809552429427
0.2657062900287362	0.2447645699904213	0.24014424431380652	0.24938489566703603
0.26486110850252614	0.2446706609319535	0.24166557106098455	0.2488026595045358
0.26549969010010704	0.24564731514001842	0.23922393554082227	0.24962905921905226
0.262795109216235	0.24602295137388952	0.2385665721315478	0.2526153672783277
0.26604436263922016	0.2454407152113893	0.23851022669646715	0.25000469545292336
0.2624382547940574	0.24912195030332626	0.2378904269105798	0.25054936799203653
0.2603534736960727	0.25364836692147325	0.23849144488477358	0.24750671449768044
0.264147399658171	0.24823920515372913	0.23941175365775783	0.24820164153034202
0.26217530943034767	0.2493097684202618	0.2400691170670323	0.24844580508235825
0.26131134609244405	0.2480889506601807	0.23886708111864471	0.25173262212873054
0.2624194729823639	0.24576000601017975	0.23948688090453205	0.2523336401029243
0.2638656724827677	0.2494412411021167	0.23563660950735307	0.2510564769077625
0.26412861784647745	0.24559096970493774	0.24119602576864566	0.24908438667993915
0.26268241834607364	0.24827676877711624	0.2398061717033225	0.2492346411734876
0.2621565276186541	0.24820164153034202	0.2388295174952576	0.2508123133557463
0.26127378246905697	0.2499483500178427	0.23526097327348197	0.2535168942396184
0.26418496328155816	0.24482091542550194	0.23886708111864471	0.2521270401742952
0.26149916420937963	0.2488965685630036	0.2410457712750972	0.24855849595251958
0.26187480044325073	0.24902804124485847	0.2408767349698552	0.24822042334203556
0.26247581841744455	0.2510752587194561	0.236613263715418	0.24983565914768138
0.2583250380331687	0.24827676877711624	0.23958078996299983	0.25381740322671525
0.2624194729823639	0.24555340608155063	0.2413462802621941	0.2506808406738914
0.26318952726179967	0.24835189602389046	0.24023815337227428	0.24822042334203556
0.2628702364630092	0.24765696899122888	0.2394680990928385	0.25000469545292336
0.26529309017147795	0.2443701519448566	0.2398437353267096	0.2504930225569558
0.2598839284037338	0.2510564769077625	0.23948688090453205	0.2495727137839716
0.2583438198448622	0.2502300771932461	0.24230415265856545	0.24912195030332626
0.26183723681986365	0.24666153297147042	0.23918637191743516	0.2523148582912308
0.2613489097158312	0.2498732227710685	0.23988129895009672	0.2488965685630036
0.2578742745525233	0.24985444095937495	0.24014424431380652	0.2521270401742952
0.2612174370339763	0.2487275322577616	0.23757113611178934	0.2524838945964728
0.2615555096444603	0.2491407321150198	0.23642544559848244	0.2528783126420375
0.2599778374622016	0.24758184174445466	0.23948688090453205	0.2529534398888117
0.26281389102792857	0.24502751535413106	0.23958078996299983	0.25257780365494054
0.2637905452359935	0.24852093232913247	0.23691377270251487	0.2507747497323592
0.26025956463760497	0.24844580508235825	0.23967469902146762	0.2516199312585692
0.262626072910993	0.25154480401179496	0.23713915444283756	0.24868996863437448
0.2606915463065567	0.2499107863944556	0.24110211671017787	0.2482955505888098
0.2638281088593806	0.24692447833518022	0.23680108183235354	0.25244633097308566
0.2653682174182522	0.2478260052964709	0.23730819074807957	0.2494975865371974
0.26076667355333094	0.24837067783558403	0.23896099017711248	0.25190165843397255
0.2623443457355897	0.2507559679206656	0.23787164509888623	0.24902804124485847
0.26022200101421783	0.2495727137839716	0.23965591720977406	0.25054936799203653
0.26737787126946266	0.24696204195856733	0.2404447533009034	0.2452153334710666
0.26101083710534717	0.2499483500178427	0.24031328061904852	0.2487275322577616
0.26020321920252426	0.2494975865371974	0.2410833348984843	0.24921585936179405
0.2624194729823639	0.2481265142835678	0.23939297184606428	0.25006104088800407
0.25948951035816914	0.25246511278477923	0.23834119039122514	0.24970418646582648
0.2630768363916383	0.25015494994647186	0.23809702683920891	0.2486711868226809
0.25855041977349136	0.2489341321863907	0.24072648047630674	0.2517889675638112
0.2630580545799448	0.24946002291381025	0.23760869973517645	0.2498732227710685
0.2615179460210732	0.2538361850384088	0.23749600886501512	0.24714986007550288
0.261780891384783	0.24976053190090716	0.23815337227428957	0.2503052044400203
0.2590387468775238	0.25083109516743984	0.24050109873598408	0.24962905921905226
0.2595458557932498	0.2499107863944556	0.23937419003437072	0.25116916777792386
0.26318952726179967	0.2493661138553425	0.23956200815130627	0.24788235073155157
0.2632270908851868	0.2453468061529215	0.23991886257348383	0.2515072403884079
0.26281389102792857	0.24651127847792198	0.24119602576864566	0.24947880472550382
0.26347125443720304	0.2501173863230847	0.24119602576864566	0.2452153334710666
0.2645418177037357	0.25182653118719833	0.23751479067670866	0.2461168604323573
0.26129256428075054	0.24737524181582554	0.2419472982363879	0.24938489566703603
0.2619687095017185	0.2501737317581654	0.2398437353267096	0.24801382341340647
0.2616869823263152	0.25056814980373004	0.2394305354694514	0.24831433240050335
0.2612174370339763	0.24904682305655204	0.24243562534042035	0.24730011456905132
0.2615555096444603	0.24885900493961646	0.24027571699566141	0.2493097684202618
0.26210018218357345	0.2486711868226809	0.23937419003437072	0.24985444095937495
0.25918900137107226	0.2509625678492947	0.24014424431380652	0.24970418646582648
0.25973367391018537	0.24703716920534155	0.24082038953477453	0.2524087673496985
0.2653494356065586	0.25069962248558497	0.24110211671017787	0.24284882519767856
0.2624194729823639	0.24780722348477735	0.23650057284525666	0.25327273068760214
0.2629829273331706	0.24852093232913247	0.23896099017711248	0.2495351501605845
0.2610484007287343	0.24946002291381025	0.24042597148920986	0.24906560486824558
0.2620814003718799	0.24921585936179405	0.2432995886783239	0.2454031515880022
0.25999661927389517	0.2481265142835678	0.24157166200251676	0.2503052044400203
0.25885092876058824	0.25137576770655295	0.24367522491219504	0.24609807862066374
0.2568600567210713	0.2494975865371974	0.24545949702308284	0.24818285971864845
0.2611798734105892	0.2505869316154236	0.24354375223034014	0.24468944274364704
0.258606765208572	0.2519204402456661	0.24243562534042035	0.24703716920534155
0.26037225550776627	0.25199556749244034	0.23967469902146762	0.2479574779783258
0.25945194673478206	0.24925342298518116	0.241477752944049	0.24981687733598784
0.25948951035816914	0.2523524219146179	0.23991886257348383	0.24823920515372913
0.2606915463065567	0.2502488590049396	0.24217267997671055	0.2468869147117931
0.2618184550081701	0.251713840317037	0.24076404409969385	0.24570366057509907
0.2606164190597825	0.24861484138760026	0.2398061717033225	0.2509625678492947
0.2593392558646207	0.2501361681347783	0.2398437353267096	0.2506808406738914
0.2604473827545405	0.25120673140131095	0.23974982626824184	0.2485960595759067
0.26067276449486315	0.25300978532389234	0.24098942584001654	0.24532802434122797
0.26138647333921833	0.24805138703679358	0.2394680990928385	0.25109404053114964
0.25945194673478206	0.2529722217005052	0.2398061717033225	0.24776965986139024
0.2591514377476851	0.25143211314163366	0.24230415265856545	0.24711229645211577
0.2627012001577672	0.2509437860376012	0.241984861859775	0.2443701519448566
0.25845651071502357	0.2504742407452623	0.24260466164566233	0.2484645868940518
0.26187480044325073	0.247356460004132	0.24290517063275924	0.247863568919858
0.2604098191311534	0.24797625979001933	0.24418233382792104	0.24743158725090622
0.26217530943034767	0.24925342298518116	0.23828484495614446	0.25028642262832673
0.25892605600736246	0.2492722047968747	0.24175948011945234	0.2500422590763105
0.2605788554363954	0.25118794958961743	0.2382284995210638	0.25000469545292336
0.26138647333921833	0.25053058618034296	0.23935540822267715	0.2487275322577616
0.26422252690494524	0.25009860451139115	0.23847266307308002	0.24720620551058356
0.2582311289747009	0.24754427812106755	0.24187217098961367	0.2523524219146179
0.25894483781905603	0.2493661138553425	0.24209755272993633	0.24959149559566515
0.25932047405292713	0.24985444095937495	0.2433559341134046	0.24746915087429333
0.258268692598088	0.2504742407452623	0.24423867926300172	0.24701838739364798
0.2616306368912345	0.25184531299889185	0.24036962605412918	0.24615442405574442
0.2635651634956708	0.24921585936179405	0.24187217098961367	0.2453468061529215
0.2614240369626054	0.2494975865371974	0.23781529966380557	0.25126307683639165
0.26037225550776627	0.25015494994647186	0.24292395244445278	0.2465488421013091
0.26065398268316964	0.250868658790827	0.24027571699566141	0.24820164153034202
0.2603159100726856	0.2531412580057472	0.23959957177469338	0.24694326014687376
0.26193114587833144	0.25019251356985894	0.24014424431380652	0.24773209623800313
0.26029712826099205	0.2493661138553425	0.2383975358263058	0.25193922205735964
0.2589072741956689	0.25053058618034296	0.2430929887496948	0.24746915087429333
0.2605225100013147	0.24897169580977782	0.23905489923558026	0.2514508949533272
0.2583250380331687	0.2530473489472794	0.24331837049001748	0.2453092425295344
0.26074789174163737	0.2501361681347783	0.24102698946340365	0.2480889506601807
0.2612550006573634	0.24998591364122982	0.24491482448396973	0.24384426121743705
0.26183723681986365	0.25092500422590763	0.23956200815130627	0.24767575080292245
0.26101083710534717	0.24947880472550382	0.24277369795090434	0.24673666021824464
0.26009052833236296	0.250868658790827	0.242322934470259	0.2467178784065511
0.2589636196307496	0.25344176699284415	0.23973104445654828	0.247863568919858
0.25894483781905603	0.24899047762147136	0.2419472982363879	0.2501173863230847
0.25393009409687656	0.2545311120710704	0.24455797006179217	0.24698082377026087
0.2616306368912345	0.2504178953101816	0.24068891685291963	0.2472625509456642
0.26183723681986365	0.2493661138553425	0.242491970775501	0.24630467854929286
0.2572920383900231	0.25073718610897205	0.24217267997671055	0.24979809552429427
0.2603534736960727	0.25190165843397255	0.23965591720977406	0.2480889506601807
0.2621565276186541	0.251882876622279	0.2398061717033225	0.24615442405574442
0.2630017091448641	0.24915951392671337	0.2418909528013072	0.2459478241271153
0.25873823789042694	0.25120673140131095	0.2421163345416299	0.24793869616663222
0.2591514377476851	0.2525965854666341	0.2411772439569521	0.24707473282872866
0.2553387299738933	0.25199556749244034	0.24320567961985612	0.24946002291381025
0.25522124558635717	0.25381263616557737	0.24387724438434377	0.24708887386372175
0.2572684246112238	0.25022537750732476	0.24436556231688078	0.24814063556457067
0.25753136503643603	0.2528172188415596	0.24646908571857862	0.24318233040342574
0.25955976260235897	0.2518781458943731	0.24258132371722635	0.2459807677860416
0.2588836300803846	0.2515776425512734	0.24246863496356397	0.247070092404778
0.2578318683795357	0.25082638419352415	0.24613101945759147	0.24521072796934865
0.25833896777101645	0.2493802118548569	0.2410224626248967	0.25125835774922994
0.25918413342348434	0.2517654571407107	0.24412140335061228	0.2449290060851927
0.26010442491172714	0.2513710465028923	0.24158590639320862	0.24693862219217189
0.2595785440613027	0.25178423859965443	0.24203666140785815	0.24660055593118474
0.2536060401171963	0.25649838479453085	0.2432198933213132	0.24667568176695967
0.2601983322064458	0.2510893246187364	0.24196153557208325	0.24675080760273457
0.256348133122981	0.2520096161069792	0.2425625422582826	0.2490797085117572
0.2569679212681241	0.25375629178874615	0.24179250244158967	0.24748328450154009
0.25830140485312897	0.2512959206671174	0.24261888663511383	0.24778378784463978
0.25664863646608066	0.25199083464803546	0.2424874164225077	0.24887311246337615
0.25589737810833146	0.2517654571407107	0.24815941702351438	0.24417774772744347
0.2576816167079859	0.2533806626098715	0.24575539027871685	0.24318233040342574
0.25801968296897304	0.25383141762452105	0.24385846292540003	0.24429043648110585
0.25689279543234916	0.25131470212606116	0.2471264367816092	0.24466606565998048
0.256066411238825	0.25223499361430396	0.24703252948689053	0.24466606565998048
0.25405679513184587	0.2546578018180452	0.24575539027871685	0.24553001277139208
0.25863947111411617	0.252648185711066	0.24429043648110585	0.24442190669371197
0.2579633385921418	0.25407557659078955	0.24355795958230037	0.24440312523476823
0.2580760273458042	0.2530050334309969	0.2445533769063181	0.24436556231688078
0.25833896777101645	0.25161520546916083	0.24032754864397868	0.24971827811584404
0.2567049808429119	0.2518405829764856	0.24445946961159942	0.24699496656900308
0.2549583051611449	0.2530050334309969	0.24648786717752236	0.24554879423033582
0.25877094132672224	0.2507136954398618	0.24152956201637743	0.24898580121703853
0.2557095635188941	0.25110810607768014	0.2483472316129517	0.24483509879047405
0.2590338817519345	0.24941777477274435	0.24305086019081962	0.24849748328450155
0.2562917887461498	0.2530050334309969	0.24470362857786793	0.24599954924498535
0.256066411238825	0.25388776200135227	0.2475020659604838	0.2425437607993389
0.2566674179250244	0.251953271730148	0.2468822778153407	0.2444970325294869
0.2582074975584103	0.2530989407257156	0.24352039666441289	0.2451731650514612
0.2577567425437608	0.25110810607768014	0.2453609796408985	0.24577417173766059
0.25492074224325745	0.2512395762902862	0.2453609796408985	0.2484787018255578
0.25492074224325745	0.25418826534445194	0.24584929757343552	0.24504169483885507
0.25411313950867703	0.2518781458943731	0.24840357598978288	0.245605138607167
0.25777552400270454	0.25178423859965443	0.24301329727293217	0.2474269401247089
0.25388776200135227	0.25569078205995044	0.24338892645180676	0.24703252948689053
0.2567049808429119	0.25386898054240853	0.24275035684771992	0.24667568176695967
0.25375629178874615	0.25358725865825255	0.24562392006611072	0.24703252948689053
0.2574750206596048	0.25125835774922994	0.24669446322590338	0.2445721583652618
0.2563105702050935	0.2553902787168507	0.24528585380512358	0.24301329727293217
0.25480805348959507	0.25296747051310947	0.24637517842385998	0.24584929757343552
0.2550146495379761	0.250281721884156	0.24543610547667344	0.2492675231011945
0.25358725865825255	0.2549583051611449	0.24509803921568626	0.24635639696491624
0.2571932987754489	0.25400045075501465	0.2439523702201187	0.2448538802494178
0.2573998948238299	0.2537750732476899	0.24697618511005934	0.24184884681842087
0.2560288483209376	0.25516490120952595	0.24276913830666366	0.2460371121628728
0.256554729171362	0.253699947411915	0.24421531064533092	0.24553001277139208
0.2548643978664263	0.25452633160543914	0.2477462249267523	0.2428630456013823
0.2570242656449553	0.25050709939148075	0.24594320486815416	0.2465254300954098
0.2581887160994666	0.2521974306964165	0.24579295319660432	0.24382090000751258
0.25533393434001955	0.2545826759822703	0.24500413192096762	0.24507925775674255
0.2583577492299602	0.252648185711066	0.24577417173766059	0.2432198933213132
0.2579257756742544	0.2550146495379761	0.24295695289610098	0.24410262189166854
0.2544136428517767	0.25593494102621894	0.2459056419502667	0.24374577417173765
0.2556720006010067	0.2561603185335437	0.24363308541807527	0.24453459544737435
0.2528172188415596	0.25435729847494554	0.2468259334385095	0.24599954924498535
0.2548268349485388	0.2533618811509278	0.24382090000751258	0.2479903838930208
0.2533618811509278	0.25552174892945684	0.24579295319660432	0.24532341672301106
0.25539507540897394	0.2543057303307477	0.2467178784065511	0.24358131585372725
0.2578694312974232	0.2547141461948764	0.24464728420103674	0.24276913830666366
0.25452633160543914	0.25544662309368193	0.24414018480955602	0.24588686049132297
0.2545075501464954	0.2555593118473443	0.2446848471189242	0.24524829088723613
0.2558222522725565	0.2533430996919841	0.2468259334385095	0.2440087145969499
0.2549019607843137	0.2566674179250244	0.2468822778153407	0.24154834347532117
0.25552174892945684	0.25343700698670274	0.2459619863270979	0.24507925775674255
0.251953271730148	0.2546390203591015	0.2475020659604838	0.2459056419502667
0.2568740139734055	0.25456389452332656	0.24382090000751258	0.24474119149575538
0.2579257756742544	0.2532304109383217	0.24635639696491624	0.2424874164225077
0.25356847719930886	0.25589737810833146	0.24876042370971377	0.24177372098264593
0.25805724588686046	0.25693035835023664	0.24528585380512358	0.2397265419577793
0.2551836826684697	0.2561603185335437	0.24412140335061228	0.24453459544737435
0.2569115768912929	0.2541507024265645	0.24398993313800615	0.24494778754413643
0.256554729171362	0.2531740665614905	0.24765231763203366	0.24261888663511383
0.2576816167079859	0.2521974306964165	0.2467695890616783	0.2433513635339193
0.25557809330628806	0.2525730598752911	0.24911727142964465	0.2427315753887762
0.2562354443693186	0.2534557884456465	0.2476710990909774	0.24263766809405754
0.2544136428517767	0.25826384193524154	0.24267523101194502	0.24464728420103674
0.2575501464953798	0.25527758996318833	0.24288182706032604	0.24429043648110585
0.2554278416347382	0.25150251671549845	0.24697618511005934	0.246093456539704
0.2547517091127639	0.2534933513635339	0.24611223799864773	0.24564270152505446
0.2558785966493877	0.25649838479453085	0.2462061452933664	0.24141687326271505
0.2555593118473443	0.2568740139734055	0.2487792051686575	0.23878746901059275
0.2566674179250244	0.2550146495379761	0.24594320486815416	0.24237472766884532
0.2575125835774923	0.25456389452332656	0.24526707234617984	0.24265644955300128
0.2564796033355871	0.256836451055518	0.24594320486815416	0.24074074074074073
0.2581323717226354	0.2557846893546691	0.2428630456013823	0.2432198933213132
0.25403801367290213	0.25978514010968373	0.24203666140785815	0.24414018480955602
0.2549395237022012	0.2542633911802269	0.24838479453083914	0.24241229058673278
0.2525730598752911	0.2567988881376305	0.2465254300954098	0.24410262189166854
0.256071220629942	0.25663467498074866	0.24465187912025993	0.24264222526904947
0.2549395237022012	0.25403801367290213	0.24795282097513335	0.24306964164976336
0.254394861392833	0.25657351063030576	0.24697618511005934	0.2420554428668019
0.2544512057696642	0.2536623844940275	0.24840357598978288	0.24348283374652543
0.25674254376079936	0.2520096161069792	0.24988731124633762	0.24136052888588386
0.25394410637818343	0.25625422582826235	0.24891067538126363	0.2408909924122906
0.2566158931690551	0.25764889281220066	0.24589147869203462	0.2398437353267096
0.25593974794808705	0.2516762766936499	0.24797625979001933	0.2444077155682437
0.25374227597994103	0.25338542155776345	0.2510564769077625	0.241815825554533
0.2519767856807468	0.2551509118569577	0.24801382341340647	0.24485847904888905
0.2568788385327649	0.25346054880453767	0.24842702327066468	0.24123358939203277
0.2542118212722799	0.2560524388182484	0.24666153297147042	0.24307420693800125
0.2546813665646188	0.25710422027308755	0.24707473282872866	0.24113968033356498
0.2550757846101835	0.25778036549405553	0.24433258832146948	0.24281126157429145
0.25424938489566706	0.25466258475292525	0.2491031684916327	0.241984861859775
0.25154480401179496	0.256071220629942	0.24868996863437448	0.24369400672388858
0.2571230020847811	0.253066130758973	0.24622955130251864	0.24358131585372725
0.253404203369457	0.25672858403921645	0.25220216742106943	0.23766504517025713
0.25355445786300546	0.2576301110005071	0.2482955505888098	0.24051988054767762
0.2522960764795372	0.2549818755517157	0.24833311421219692	0.24438893375655016
0.25327273068760214	0.25364836692147325	0.247356460004132	0.24572244238679264
0.25411791221381214	0.2564844204872002	0.24861484138760026	0.24078282591138742
0.2536671487331668	0.2576301110005071	0.24972296827752005	0.23897977198880604
0.25466258475292525	0.25501943917510284	0.24696204195856733	0.2433559341134046
0.25794940179929754	0.2543432939541348	0.24694326014687376	0.24076404409969385
0.25500065736340927	0.25620269331179685	0.2459478241271153	0.24284882519767856
0.2522960764795372	0.25774280187066845	0.24852093232913247	0.24144018932066186
0.2556204571492966	0.25753620194203936	0.24523411528276018	0.24160922562590387
0.25381740322671525	0.2548128392464737	0.24761940536784177	0.24375035215896926
0.257930619987604	0.2555453299025224	0.24448284281501795	0.24204120729485565
0.2537047123565539	0.2559585297597806	0.24716864188719645	0.243168115996469
0.2552072572920384	0.2553387299738933	0.2482955505888098	0.24115846214525855
0.2561463478767162	0.25646563867550665	0.2472625509456642	0.24012546250211295
0.2506808406738914	0.25935803767631427	0.24651127847792198	0.24344984317187235
0.2548128392464737	0.261611855079541	0.24371278853558215	0.23986251713840318
0.25424938489566706	0.25714178389647463	0.24459553368517928	0.24401329752267903
0.2552072572920384	0.2569915294029262	0.24763818717953534	0.24016302612550006
0.2541742576488928	0.25847529252671714	0.24468944274364704	0.242661007080743
0.2535168942396184	0.2572920383900231	0.24820164153034202	0.24098942584001654
0.25488796649324796	0.25717934751986177	0.2458539150686475	0.24207877091824279
0.25509456642187706	0.25819356535131377	0.24970418646582648	0.23700768176098266
0.25821234716300734	0.2551133482335706	0.247863568919858	0.23881073568356403
0.25199556749244034	0.25740472926018443	0.24912195030332626	0.241477752944049
0.2572169111432489	0.25918900137107226	0.24835189602389046	0.2352421914617884
0.2554889844674417	0.2546062393178446	0.24763818717953534	0.24226658903517834
0.2544747666359897	0.2596961102867983	0.2461168604323573	0.23971226264485473
0.2525214582198599	0.25875701970212045	0.24756305993276112	0.24115846214525855
0.2541366940255057	0.25783671092913624	0.24617320586743796	0.2418533891779201
0.2537986214150217	0.25592096613639354	0.2508123133557463	0.2394680990928385
0.25064327705050427	0.2588884923839754	0.24966662284243937	0.24080160772308096
0.2536859305448604	0.2548128392464737	0.24996713182953628	0.24153409837912965
0.24808429118773948	0.2570806100217865	0.25174667568176695	0.2430884231087071
0.251953271730148	0.253418225527759	0.2504319735557058	0.2441965291863872
0.2536623844940275	0.2567613252197431	0.24661933739012845	0.24295695289610098
0.2512395762902862	0.25728720607016753	0.24909848997070091	0.24237472766884532
0.2523664638269101	0.25681766959657426	0.24949290060851928	0.2413229659679964
0.25392532491923975	0.2590338817519345	0.2439523702201187	0.2430884231087071
0.2530613778078281	0.25738111336488617	0.2492675231011945	0.2402899857260912
0.25223499361430396	0.25730598752911127	0.2475020659604838	0.24295695289610098
0.2551836826684697	0.2601983322064458	0.2456614829839982	0.23895650214108632
0.2530425963488844	0.25798212005108556	0.24960558936218166	0.2393696942378484
0.25191570881226055	0.2572120802343926	0.2481030726466832	0.24276913830666366
0.2538501990834648	0.25790699421531066	0.24840357598978288	0.23983923071144167
0.2533055367740966	0.25950341822552775	0.2460183307039291	0.24117271429644654
0.25533393434001955	0.25557809330628806	0.24564270152505446	0.24344527082863796
0.2514837352565547	0.2591653519645406	0.2482908872361205	0.24106002554278416
0.25407557659078955	0.2564608218766434	0.2498121854105627	0.23965141612200436
0.2529862519720532	0.25706182856284276	0.24748328450154009	0.24246863496356397
0.25058222522725565	0.2561790999924874	0.2505258808504245	0.24271279392983247
0.2545451130643828	0.2568740139734055	0.2482908872361205	0.2402899857260912
0.25270453008789723	0.2588085042446097	0.24891067538126363	0.23957629028622943
0.2545451130643828	0.2584328750657351	0.24855382766133274	0.23846818420854932
0.25131470212606116	0.2592404778003155	0.24787769513935842	0.24156712493426488
0.25484561640748254	0.25522124558635717	0.25138982796183607	0.23854331004432425
0.2543009540981143	0.25890241153932836	0.24874164225077003	0.23805499211178724
0.2534933513635339	0.25858312673728495	0.24757719179625873	0.2403463301029224
0.2547141461948764	0.2571932987754489	0.24977462249267524	0.23831793253699948
0.2515400796333859	0.2589211929982721	0.24864773495605139	0.2408909924122906
0.2524603711216287	0.25753136503643603	0.24849748328450155	0.2415107805574337
0.2506010066861994	0.25882728570355346	0.24919239726541959	0.2413793103448276
0.24986852978739388	0.2609683720231388	0.2493989933138006	0.23976410487566674
0.2539816692960709	0.25942829238975285	0.24613101945759147	0.24045901885658477
0.2556156562241755	0.256554729171362	0.24757719179625873	0.24025242280820375
0.2528547817594471	0.260254676583277	0.24789647659830216	0.23899406505897378
0.25174667568176695	0.25766283524904215	0.25142739087972354	0.23916309818946735
0.25259184133423485	0.258789722785666	0.2462624896701976	0.24235594620990158
0.2500563443768312	0.25619788145143113	0.24984974832845017	0.2438960258432875
0.24977462249267524	0.25724964315228005	0.2523664638269101	0.24060927052813463
0.25431973555705806	0.2578882127563669	0.24797160243407707	0.23982044925249793
0.24992487416422507	0.259278040718203	0.24911727142964465	0.2416798136879273
0.2522537750732477	0.25869581549094733	0.2496431522800691	0.23940725715573585
0.2528172188415596	0.25734355044699875	0.2522913379911352	0.23754789272030652
0.25283600030050335	0.25809480880474794	0.24857260912027646	0.24049658177447225
0.25050709939148075	0.25700548418601155	0.2512771392081737	0.241210277214334
0.25026294042521224	0.2583577492299602	0.2501126887536624	0.24126662159116521
0.2521974306964165	0.259972954699121	0.24817819848245812	0.23965141612200436
0.25452633160543914	0.2565171662534746	0.2501690331304936	0.23878746901059275
0.2534557884456465	0.26115618661257606	0.24678837052062205	0.23859965442115544
0.2521223048606416	0.2606490872210953	0.2505634437683119	0.23666516414995117
0.2529862519720532	0.25724964315228005	0.2503756291788746	0.2393884756967921
0.2488918939223199	0.26051761700848924	0.2528547817594471	0.23773570730974383
0.2517278942228232	0.25863947111411617	0.2521410863195853	0.23749154834347533
0.25343700698670274	0.2581323717226354	0.24757719179625873	0.24085342949440314
0.2499436556231688	0.25986026594545863	0.2513334835850049	0.23886259484636765
0.25069491398091803	0.2589775373751033	0.25001878145894374	0.24030876718503494
0.24892945684020734	0.25939072947186537	0.25090151002929906	0.2407783036586282
0.25296747051310947	0.260461272631658	0.24825332431823305	0.23831793253699948
0.2533806626098715	0.2583765306889039	0.2498121854105627	0.23843062129066186
0.2508451656524679	0.25893997445721584	0.25138982796183607	0.2388250319284802
0.2513334835850049	0.26119374953046354	0.2518405829764856	0.23563218390804597
0.2500563443768312	0.26335361730899254	0.24814063556457067	0.23844940274960558
