A	C	G	T
0.25642648105671123	0.24313849561021908	0.293126631337499	0.20730839199557066
0.2556749333548752	0.2437999838436061	0.2900072703772518	0.2105178124242669
0.2563324011186576	0.23475829005193768	0.3025968837395126	0.20631242508989214
0.247947716585638	0.2387024786801626	0.306128955128716	0.20722084960548337
0.25286629240136	0.23776389657626315	0.3010200047442081	0.20834980627816874
0.2602413464591934	0.24166402032391235	0.2946173388377263	0.20347729437916798
0.2530362744309499	0.23775436338775838	0.2974342475669589	0.21177511461433282
0.2498192044997991	0.24226597026918442	0.3037364403374849	0.20417838489353154
0.2560121038381908	0.2391304347826087	0.2974199713330148	0.2074374900461857
0.2570326314097412	0.2378235010448481	0.29850506349461503	0.20663880405079568
0.25873283546133463	0.23857704970689794	0.2917369308600337	0.2109531839717337
0.25980353006948326	0.23967734206533026	0.29470489577509784	0.20581423209008864
0.24716935678149843	0.24042399421826066	0.3064321850156589	0.20597446398458202
0.2501203272902294	0.24570832664848388	0.3048291352478742	0.19934221081341247
0.2571109871723369	0.240458927575492	0.2936021034180543	0.2088279818341168
0.2570093457943925	0.24009023525620368	0.3000322268772156	0.2028681920721882
0.24918502027510536	0.2452890196390236	0.3007871511489226	0.2047388089369484
0.2577303155881415	0.2429072362129423	0.2984539368823717	0.20090851131654447
0.24695121951219512	0.2439826700898588	0.29733632862644416	0.21172978177150192
0.24936305732484076	0.239171974522293	0.29888535031847135	0.2125796178343949
0.2471045533872759	0.243058860859908	0.3020783753768047	0.20775821037601142
0.24806763285024155	0.24484702093397745	0.3107085346215781	0.1963768115942029
0.25405876296824265	0.2443969272194504	0.2976954145877881	0.20384889522451888
0.2516149870801034	0.2479812661498708	0.2902939276485788	0.21010981912144702
0.25612022299426357	0.23503272198432576	0.30605154722469097	0.20279550779671973
0.25235568928656266	0.23422282049251722	0.30968406049568453	0.20373742972523556
0.2529706066291432	0.2459349593495935	0.29510631644777985	0.20598811757348343
0.24727624889032362	0.24590428536841255	0.29949156645952707	0.20732789928173675
0.2574367971927586	0.24419810192200336	0.3025759629954542	0.1957891378897839
0.2530197075651621	0.24109980928162747	0.29791799109980927	0.20796249205340114
0.2534335110680239	0.23719502342866375	0.301987396994668	0.20738406850864438
0.254878629224179	0.24234491511978423	0.2916864984927812	0.2110899571632556
0.25450773895005585	0.24397638423488113	0.2996649114408808	0.20185096537418223
0.2519803548795944	0.24199936628643853	0.29420152091254753	0.21181875792141952
0.25846905537459286	0.24014657980456025	0.2984527687296417	0.2029315960912052
0.2504754358161648	0.24009508716323297	0.3033280507131537	0.2061014263074485
0.2520565450043926	0.24287197508186248	0.29813912626787	0.20693235364587492
0.25109500676913277	0.2416978577685753	0.30238114199251415	0.2048259934697778
0.25687928723488135	0.23630055980446266	0.3014271071513049	0.2053930458093511
0.2518665607625099	0.23764892772041302	0.3018268467037331	0.2086576648133439
0.25326991676575505	0.24122076892588187	0.29607609988109396	0.20943321442726912
0.25665763036198375	0.24557486844203477	0.3009089459416361	0.1968585552543454
0.25853385562395076	0.24430410104724598	0.29178991126389	0.20537213206491325
0.25702359929362656	0.2417723551131803	0.29635575533793546	0.20484829025525766
0.25455703255591816	0.2429356045530526	0.30430629626681527	0.19820106662421397
0.24977770592514753	0.24735267965402957	0.3020774391722577	0.20079217524856519
0.25458442486306265	0.24640787489084703	0.29205366357069146	0.2069540366753989
0.2496771068776235	0.23837584759444624	0.3025508556667743	0.20939618986115596
0.25233938822049223	0.24038688369898562	0.29959896201934416	0.20767476606117796
0.2501597954618089	0.24288910194950464	0.29642058165548096	0.21053052093320548
0.25328	0.24016	0.29664	0.20992
0.2557491843717673	0.2423012652184292	0.2998328956791597	0.20211665473064375
0.248843884547919	0.24828575984691437	0.2983575187370435	0.2045128368681231
0.2525876594720372	0.24528604669822676	0.30562464896092434	0.1965016448688117
0.2538296690213509	0.2420033335979046	0.29970632589888085	0.20446067148186364
0.2576746434614455	0.24542744339698655	0.2953831278704375	0.20151478527113045
0.25273671594087094	0.23947263284059128	0.3045944866160607	0.20319616460247703
0.251309731703445	0.248452135259565	0.2958406096205747	0.20439752341641532
0.2575049504950495	0.2403168316831683	0.29996039603960395	0.20221782178217823
0.2585295530994714	0.24243152330610285	0.2919269581931764	0.2071119654012494
0.24904458598726115	0.24585987261146497	0.3046178343949045	0.20047770700636944
0.2567961547553384	0.2329997636120085	0.29792766527460407	0.212276416358049
0.2533543804262036	0.24617205998421468	0.29494869771112864	0.20552486187845304
0.2604416706673068	0.23771803488558169	0.2997279564730357	0.20211233797407585
0.25188956957594083	0.24807065001193412	0.2985122125865224	0.20152756782560266
0.25271826031339945	0.2439238887112248	0.3030860249440358	0.20027182603133994
0.25791063762124344	0.24860868182540943	0.2922563205597074	0.2012243599936397
0.25421023226115413	0.24247745231063933	0.30257801899592945	0.2007342964322771
0.2564950401511573	0.23933238860022044	0.30058258541961896	0.2035899858290033
0.24813895781637718	0.24749859921556072	0.3026494837108781	0.20171295925718402
0.24610641157403748	0.24341845205154558	0.30073523598703455	0.2097399003873824
0.24134615384615385	0.25112179487179487	0.30088141025641024	0.206650641025641
0.25812360624402675	0.24458426250398216	0.2941223319528512	0.20316979929913986
0.24934089638092194	0.24630502516577454	0.3002316849085244	0.2041223935447791
0.25326577468133954	0.24162774127147493	0.30053044097854487	0.20457604306864063
0.25129637016354206	0.23893099321898684	0.3026725169525329	0.20710011966493816
0.25295752282651845	0.23612544660579596	0.3083763398173879	0.20254069075029774
0.25600894354387926	0.24658628124251378	0.29186297213127843	0.20554180308232853
0.2540523190499117	0.24281816722837427	0.30075429305087464	0.20237522067083935
0.2539074960127592	0.2485645933014354	0.3003987240829346	0.19712918660287082
0.2510298037315241	0.24262983603909216	0.30046038284468135	0.20587997738470237
0.24992020427705075	0.2418608362591765	0.3039419087136929	0.2042770507500798
0.24694415594791083	0.24638491651354158	0.2987137493009507	0.20795717823759688
0.2531665737273958	0.2421731856926631	0.2992113439018561	0.2054488966780849
0.2540022190521477	0.24821683309557774	0.2973529877952132	0.20042796005706134
0.25674917888328125	0.23984619081951453	0.300648882480173	0.20275574781703115
0.2572699825202606	0.23232162720483077	0.30414746543778803	0.2062609248371206
0.24692031810385154	0.2432558864805863	0.2990020271323873	0.2108217682831748
0.25432293722858273	0.2427951046190288	0.30335570469798656	0.1995262534544019
0.2586439869644702	0.24449566807090056	0.29783006120340194	0.19903028376122725
0.25281572010543973	0.2428308970365045	0.3051361929866603	0.19921718987139547
0.26065677297126616	0.24234291127249763	0.3011525102620777	0.1958478054941585
0.2555222467655412	0.24179551909119595	0.3002524455664247	0.20242978857683813
0.2560157790927022	0.24520710059171597	0.29696252465483236	0.2018145956607495
0.256051769593353	0.24758328673004715	0.29208276743628664	0.20428217624031317
0.25851639605221266	0.23400191021967526	0.305396370582617	0.20208532314549507
0.24454494961517098	0.2443069110529239	0.3019122431167182	0.20923589621518687
0.2592267135325132	0.24548649944080525	0.30404217926186294	0.19124460776481866
0.25505369551484525	0.243603916614024	0.2994314592545799	0.20191092861655086
0.25456138953071467	0.24308820014341487	0.30117122141662017	0.20117918890925027
0.25	0.2438679245283019	0.30227987421383645	0.20385220125786163
0.25599240566410886	0.23922158057115733	0.29981805236927456	0.20496796139545922
0.25608599430920015	0.24170091685109074	0.29679102118242173	0.20542206765728738
0.2549778761061947	0.24265170670037928	0.30017383059418457	0.20219658659924147
0.2613465940484648	0.2490330728550004	0.2907096061251875	0.19891072697134737
0.2483275570242605	0.2486499556701862	0.2949141613605223	0.20810832594503104
0.25643462421794566	0.23734853884533144	0.3032390908370951	0.2029777460996278
0.25877018534722773	0.23896269190995148	0.30140800254554134	0.20085912019727944
0.24604805564337653	0.24652228896617134	0.3033512488144167	0.2040784065760354
0.247557003257329	0.24819257964566616	0.301183761023278	0.20306665607372687
0.25154884829229546	0.24980142970611596	0.30039714058776806	0.1982525814138205
0.24770495729224876	0.2465075437055959	0.2971182246347889	0.2086692743673665
0.2496632596466207	0.24419618096822757	0.3011647254575707	0.204975833927581
0.24799307413820243	0.24555328191405634	0.30245553281914056	0.20399811112860067
0.25840138190954776	0.24466080402010051	0.2970320351758794	0.19990577889447236
0.252195045468799	0.24686422075885858	0.2964095327688931	0.20453120100344935
0.2511368982280069	0.2424337462756782	0.29990591187078564	0.20652344362552924
0.2540096389349767	0.2404993284348582	0.30338942877459113	0.202101603855574
0.25961462215526127	0.24185235112203632	0.2943462056934422	0.20418682102926017
0.25015908367801465	0.25381800827235124	0.29287305122494434	0.20314985682468978
0.2543219666931007	0.24425059476605868	0.29984139571768437	0.20158604282315623
0.24928229665071772	0.24992025518341307	0.30015948963317385	0.20063795853269537
0.24895248636255832	0.24626452684006642	0.29828444936358606	0.20649853743378924
0.25120385232744785	0.2465489566613162	0.30280898876404494	0.199438202247191
0.25155450609996066	0.244706808343172	0.29980322707595436	0.20393545848091302
0.24909803921568627	0.24611764705882352	0.30745098039215685	0.19733333333333333
0.2473853896359204	0.24911535739561216	0.2981048989541559	0.20539435401431155
0.24450789118883337	0.255690379887382	0.30446506463637085	0.19533666428741375
0.24810066476733145	0.249446027223805	0.2990661601772713	0.20338714783159229
0.24006661908160837	0.2500594813228646	0.3041478309144262	0.2057260686811008
0.24875778846912217	0.25301679943213184	0.29978704945184953	0.19843836264689643
0.2537833769114967	0.2438792488709294	0.29997623009270263	0.20236114412487125
0.24746628361663076	0.24602984598196473	0.30109328864416246	0.20541058175724203
0.24982161262189803	0.24498533259335606	0.30341710933164195	0.20177594545310393
0.2510281556469472	0.2390066434672572	0.30227776020246755	0.20768744068332806
0.2567225561531161	0.24525466624485923	0.30037962670041124	0.1976431509016134
0.2468449876974363	0.24970235732994683	0.30430986586237	0.19914278911024685
0.24840161022969454	0.24934880416765332	0.29852395611334753	0.2037256294893046
0.2471039386434449	0.24982024446752416	0.29927298873532	0.20380282815371095
0.25815523059617546	0.2435320584926884	0.29800739193315123	0.2003053189779849
0.2508889766890557	0.25112603713947057	0.2998024496246543	0.19818253654681944
0.24676656151419557	0.24566246056782334	0.3054416403785489	0.20212933753943219
0.25083293669681106	0.25099159130572746	0.30096779311439	0.19720767888307156
0.24839400428265523	0.24133555396938694	0.3023237370132445	0.2079467047347133
0.24254441624365483	0.25388642131979694	0.3015545685279188	0.20201459390862944
0.25673249551166966	0.2420576067442042	0.3045819998438842	0.196627897900242
0.2540165340820465	0.25362657931679927	0.29410388394946185	0.1982530026516924
0.25252525252525254	0.24979958313291648	0.2962962962962963	0.2013788680455347
0.25829632620104964	0.24190553088413402	0.29810254339927333	0.201695599515543
0.24954491491887615	0.2478828650573803	0.3002770083102493	0.20229521171349427
0.2524163271826823	0.24706446201773305	0.30345874271107914	0.19706046808850547
0.2429047090534327	0.24615506579990487	0.30902172189630567	0.20191850325035673
0.2534090013399543	0.24915267596752583	0.2995980137148262	0.1978403089776937
0.24642913200439492	0.2559252864542458	0.2990111442473709	0.1986344372939884
0.250198192484541	0.2428254320596163	0.3113207547169811	0.19565562073886159
0.2516681058167831	0.24978412748253395	0.29382212104560795	0.20472564565507498
0.25229981601471885	0.25085993120550354	0.30101591872650185	0.19582433405327573
0.25512637100619934	0.2446351931330472	0.3001907486886028	0.20004768717215068
0.2552516845025763	0.24906856916369402	0.30408244153785174	0.19159730479587792
0.24960580258593504	0.250315357931252	0.30487228003784295	0.19520655944497003
0.244250843732831	0.2504512989561259	0.3046856604662114	0.20061219684483164
0.24800625488663017	0.25035183737294764	0.30281469898358093	0.1988272087568413
0.25718774548311074	0.2432050274941084	0.3035349567949725	0.19607227022780832
0.24970737417089348	0.24603979711275847	0.3035505267264924	0.20070230198985564
0.25198752922837103	0.2466095089633671	0.30124707716289945	0.20015588464536244
0.25110899873257286	0.24786121673003803	0.30061787072243346	0.20041191381495563
0.25179063360881543	0.24675324675324675	0.3001967729240457	0.20125934671389217
0.2552643893308376	0.2464514116362502	0.3030728435501482	0.195211355482764
0.24644030668127054	0.24589266155531217	0.30456892505085276	0.20309810671256454
0.25570379726849296	0.24125680903134128	0.30259730007105073	0.20044209362911503
0.25720867423941535	0.2416395265708158	0.30677575661291606	0.19437604257685281
0.2553208076713183	0.24588758088407267	0.30225305995166446	0.19653855149294458
0.2503681885125184	0.24548484613595845	0.3023021471203783	0.20184481823114486
0.2534914566591246	0.24451899820550832	0.30061636888507454	0.20137317625029258
0.25420283055751036	0.2441160372194855	0.30487137383689106	0.19680975838611306
0.2522921522921523	0.24265734265734265	0.30505050505050507	0.2
0.24615384615384617	0.24411302982731553	0.30478806907378336	0.20494505494505494
0.25336481700118063	0.24769775678866587	0.30145611963793784	0.19748130657221566
0.25066918595496773	0.25255865218075896	0.2987718469532357	0.19800031491103764
0.24342884205541085	0.25471623648275316	0.303417791459468	0.19843713000236798
0.25423195024013856	0.24612235257066373	0.30218093063538304	0.19746476655381465
0.24815686274509804	0.24933333333333332	0.30415686274509807	0.1983529411764706
0.24943292921392257	0.2514665623777865	0.30035197497066873	0.19874853343762222
0.24911563556324187	0.24958729659617954	0.30563634934360506	0.1956607184969735
0.25419476242747374	0.2518425591971146	0.29849458993257016	0.19546808844284147
0.250936329588015	0.2432863176348713	0.30161765877759183	0.20415969399952189
0.2531724406383807	0.24826780848579214	0.3013623978201635	0.1971973530556637
0.24907994675436537	0.24962806358155196	0.30522277033904943	0.19606921932503327
0.2426291375108106	0.24978378803365045	0.30434782608695654	0.20323924836858243
0.2564450474898236	0.23880597014925373	0.30425413041743155	0.2004948519434911
0.2524958729659618	0.2462856693656159	0.30532190865497993	0.19589654901344233
0.2505258237906053	0.2486562280906754	0.30396510088026796	0.19685284723845134
0.24236046149048956	0.24976613657623947	0.30558154038041785	0.20229186155285314
0.2512499008015237	0.24450440441234822	0.30410284898023965	0.20014284580588843
0.2513519868328239	0.24508190297045224	0.2993965044282467	0.20416960576847715
0.2506807749163619	0.24577919551855598	0.30444254259705905	0.19909748696802304
0.25246209160544003	0.24347350320462716	0.30397061122401126	0.20009379396592153
0.25452834627146553	0.24621657649180584	0.30596722339841603	0.19328785383831257
0.2517811007594144	0.2488843654583888	0.2987551867219917	0.2005793470602051
0.24259055982436883	0.25607652501176104	0.30249333542418066	0.19883957973968952
0.2510074395536268	0.2472101673899566	0.3041692498450093	0.19761314321140733
0.2535719893232847	0.2422672319045376	0.3059349976448422	0.19822578112733552
0.2511937377690802	0.24720156555772993	0.3016829745596869	0.19992172211350293
0.25357729298616	0.24513253577292987	0.301821878176558	0.19946829306435218
0.2453367056591843	0.2527663610496364	0.30674992096111287	0.1951470123300664
0.24692240489238346	0.24787546660312923	0.3065681836232229	0.1986339448812644
0.24776540693115887	0.2511368982280069	0.30092519993727457	0.20017249490355968
0.25025472215690886	0.24821694490163806	0.299553256524806	0.20197507641664708
0.24847428073234526	0.2468891178568598	0.3027661092177221	0.20187049219307285
0.2427922281416484	0.24937323722970856	0.31181447821999375	0.19602005640864933
0.2453084171351651	0.2510095811228126	0.3092089634967139	0.19447303824530843
0.25085669781931463	0.24104361370716512	0.3042056074766355	0.20389408099688475
0.2539053207517247	0.24898897787645707	0.2982317024819602	0.19887399888985807
0.24687450545972464	0.25146383921506565	0.3027377749643931	0.1989238803608166
0.2508250825082508	0.2536539368222537	0.2948294829482948	0.20069149772120068
0.249052731291443	0.25418377012946003	0.3016261446163562	0.19513735396274076
0.24978453341690826	0.24782574629789234	0.3061192509598057	0.19627046932539371
0.25247950019523624	0.24435767278406872	0.3033971105037095	0.19976571651698555
0.24558524769495232	0.25003906860446945	0.3029379590561025	0.2014377246444757
0.2514993379546694	0.2473712905989563	0.30329464911597476	0.19783472233039956
0.24401913875598086	0.25735351792297434	0.30104321907600595	0.19758412424503882
0.24454423698101316	0.25076813991964075	0.3054439454817616	0.1992436776175845
0.24384858044164037	0.2508675078864353	0.3	0.20528391167192428
0.2581903276131045	0.247191887675507	0.29875195007800315	0.19586583463338533
0.2513829619092777	0.25596649280859807	0.2984826932195353	0.1941678520625889
0.24833965844402278	0.2541903858317521	0.3006008855154965	0.19686907020872865
0.2415832216352598	0.2523062366947883	0.30600015769139793	0.20011038397855396
0.24797001873828858	0.2536695815115553	0.3014522173641474	0.19690818238600874
0.24835268277376843	0.24709758393473485	0.30898964543457796	0.19556008785691872
0.2512933061608403	0.2465903746668757	0.3049067251920364	0.19720959398024768
0.24238866713626048	0.2539719809031854	0.3089927212960789	0.19464663066447524
0.25083690151810045	0.25309458933437134	0.3039314908524718	0.19213701829505644
0.2515375632541845	0.25052549630206306	0.30533281432463993	0.19260412611911248
0.24816191003241364	0.25077081192189105	0.3057949244999605	0.19527235354573483
0.2530849825378347	0.2515327900659682	0.29949553744664337	0.19588668994955374
0.2515462303296015	0.2534251937681046	0.2978157050027401	0.19721287089955375
0.25064700807779783	0.2455493686769665	0.3078189945886597	0.19598462865657595
0.24800557664007436	0.2504840833397878	0.3053984974053133	0.19611184261482456
0.24945295404814005	0.25054704595185995	0.30228196311347294	0.19771803688652703
0.24756824599937244	0.25407907122685913	0.3038123627235645	0.19454032005020394
0.2495112987723825	0.2438814606302291	0.3070607553366174	0.19954648526077098
0.25005847953216376	0.2554385964912281	0.30409356725146197	0.1904093567251462
0.2440031152647975	0.2518691588785047	0.3013239875389408	0.202803738317757
0.2513695911075824	0.24708217546645495	0.3053592695514093	0.1961889638745534
0.2428885745717429	0.2545183089737545	0.3096809680968097	0.1929121483576929
0.2521087160262418	0.24671977507029053	0.3045923149015933	0.1965791940018744
0.24542718221810605	0.24974917033263871	0.30832754495639425	0.196496102492861
0.236144578313253	0.25736494364554996	0.31371939370384766	0.1927710843373494
0.24443245742467443	0.24790013100100178	0.3132465130615705	0.19442089851275332
0.24380354957160344	0.2480875152998776	0.31357099143206857	0.19453794369645042
0.2489591364687741	0.2529683885890517	0.30169622205088664	0.1963762528912876
0.24885756331810086	0.2552087367361165	0.299666950662226	0.19626674928355667
0.24114697586963335	0.25634597304920087	0.30131620181761204	0.20119084926355374
0.2517107309486781	0.24914463452566096	0.30443234836702954	0.19471228615863143
0.2521718713312984	0.249745636690929	0.30116615794004853	0.19691633403772404
0.2529270372954951	0.24362254787935178	0.30844382414515004	0.1950065906800031
0.25128685072531587	0.24957104975822805	0.29979722352207144	0.19934487599438466
0.24759220108057317	0.2575366063738157	0.29809725158562367	0.19677394095998746
0.2473968527362405	0.24958897674782746	0.3059578799029202	0.19705629061301183
0.24710213032581455	0.25093984962406013	0.30372807017543857	0.19822994987468673
0.2520648278011532	0.24777933613838243	0.2988935639707028	0.20126227208976158
0.2511565906061319	0.253195326589822	0.3000862542146946	0.19556182858935153
0.24806201550387597	0.2573016991621643	0.3037350246652572	0.19090126066870253
0.2523248605083695	0.24976751394916305	0.2991320520768754	0.19877557346559208
0.2445099712888958	0.24870024055249476	0.31101109645379066	0.19577869170481882
0.246671826625387	0.24605263157894736	0.30681114551083594	0.20046439628482973
0.25139146567717996	0.2457482993197279	0.3090599876314162	0.19380024737167595
0.24800061519532451	0.25169178714241774	0.30144570901261153	0.19886188864964627
0.24602048857368006	0.2486997635933806	0.3033096926713948	0.2019700551615445
0.24427184466019417	0.2506407766990291	0.301126213592233	0.2039611650485437
0.24544809647670845	0.2518325845353511	0.3034602348861039	0.19925908410183651
0.2551188514944693	0.25056876127716327	0.2977171099082137	0.19659527732015375
0.24590551181102363	0.24661417322834644	0.30456692913385824	0.20291338582677165
0.24695287632947752	0.2524648707398494	0.30494526822451673	0.19563698470615634
0.24563716745520825	0.24804157294656015	0.307220972620802	0.19910028697742962
0.24930555555555556	0.25092592592592594	0.3053240740740741	0.19444444444444445
0.24932728530791112	0.2566310448220189	0.30022295686937805	0.19381871300069192
0.2512303726271385	0.25646433872353724	0.29966408874306694	0.19264119990625733
0.2455554692958621	0.25425044639391353	0.29454234919649097	0.2056517351137334
0.24753257007500987	0.2503750493485985	0.3058823529411765	0.19621002763521517
0.24279199196104198	0.25593259642884747	0.30540310736646825	0.19587230424364227
0.24976555173491716	0.256720850265708	0.29884338855892467	0.19467020944045013
0.2469435736677116	0.24615987460815048	0.30407523510971785	0.20282131661442007
0.2435686918445539	0.252404410039878	0.30150910939088277	0.2025177887246853
0.24818840579710144	0.24574669187145556	0.31001890359168244	0.19604599873976056
0.2569133323034142	0.2503475977135795	0.2983933261238993	0.19434574385910705
0.24161495562013982	0.25127641190794126	0.3060246642054827	0.20108396826643626
0.24378762154653497	0.24810927612285846	0.3107732674795493	0.19732983485105726
0.24688376441258958	0.2489872234340916	0.3109224057338735	0.19320660641944531
0.24549566817449972	0.24871578624549567	0.30192440389480946	0.20386414168519512
0.2461984637090453	0.2587396143596175	0.305533782724565	0.18952813920677222
0.251527573671591	0.24912986309846083	0.30582411632763556	0.19351844690231262
0.2484308407593956	0.25524990313831847	0.29848895776830686	0.19783029833397908
0.2445366961698128	0.24860969687475523	0.3105663037518603	0.1962873032035717
0.24136592937524254	0.25417151726814124	0.3073341094295693	0.19712844392704695
0.24416461916461915	0.2540694103194103	0.3088144963144963	0.1929514742014742
0.24723045716960523	0.2500390076454985	0.3135434545170854	0.1891870806678109
0.24384389035155646	0.2518197305250116	0.3057147282019514	0.19862165092148057
0.24974800341164613	0.24943785376444133	0.30146545708304257	0.19934868574086997
0.2533103502311369	0.25119486014259973	0.3006346470265612	0.19486014259970227
0.2505676924281575	0.2554224414689531	0.2996632996632997	0.1943465664395897
0.23955907467784507	0.256016146561093	0.30492159602546187	0.19950318273560005
0.2446874515278424	0.25104699860400187	0.3046378160384675	0.19962773382968824
0.2485207100591716	0.2559171597633136	0.2996729990657116	0.19588913111180317
0.2449042618900556	0.253088326127239	0.31099444101297097	0.1910129709697344
0.24545734524176163	0.24607329842931938	0.30905451185709887	0.19941484447182015
0.24550484094052558	0.2511141847241432	0.31012755494083294	0.19325341939449822
0.2496571689776017	0.2556757580374829	0.2987200975163797	0.19594697546853573
0.2461490827463426	0.2537348091957582	0.30203576128183296	0.19808034677606626
0.24649577944706885	0.25594362270580034	0.30914582203980484	0.18841477580732596
0.25358559658223984	0.24832163564235582	0.3009612450411962	0.19713152273420811
0.24555936428794017	0.2584138360860081	0.3005609224057339	0.19546587722031786
0.24990385354972694	0.25059610799169296	0.30813014383508963	0.1913698946234905
0.2501165863516244	0.24747396238147054	0.3077102440540961	0.19469920721280895
0.23747090768037238	0.2603568657874321	0.30411171450737007	0.19806051202482544
0.24650660078746237	0.25252837180575927	0.3037134254612831	0.19725160194549526
0.24778829737699828	0.25345336023591497	0.3052149619742356	0.19354338041285116
0.24647778293853537	0.2522836352376529	0.30345254683387524	0.19778603498993652
0.24547643084569387	0.2510677952939349	0.30325386347751804	0.20020191038285315
0.24642055568454455	0.24734927637179785	0.3050073523721074	0.2012228155715502
0.24113365339941148	0.255381756233545	0.3083475298126065	0.19513706055443705
0.24387106537530268	0.2480326876513317	0.3153753026634383	0.19272094430992737
0.2478606356968215	0.2519865525672372	0.29958740831295844	0.20056540342298287
0.24794024794024794	0.2526372526372526	0.3092323092323092	0.19019019019019018
0.24055922802218677	0.2482334169136084	0.30993085631790895	0.20127649874629588
0.24498327759197325	0.2530404378230465	0.31073274551535424	0.19124353906962602
0.2508404645476773	0.2513753056234719	0.3052414425427873	0.19254278728606358
0.2504227517294389	0.250499615680246	0.3058416602613374	0.1932359723289777
0.24469971474828464	0.2517153650451006	0.30799475753604194	0.1955901626705728
0.24593058968058967	0.2505374692874693	0.30359336609336607	0.19993857493857495
0.24603484647238066	0.25705133213532305	0.29861707945933275	0.1982967419329635
0.24110914816806206	0.2553191489361702	0.307550503110838	0.1960211997849297
0.24529595490211015	0.2535232726441685	0.30342043117239276	0.19776034128132855
0.2438000466454171	0.24792039182150355	0.31205784031718886	0.19622172121589054
0.24905489187963104	0.24965976107666718	0.3082564645395433	0.19302888250415848
0.24598269468479605	0.2521631644004944	0.30438813349814586	0.19746600741656367
0.2371853898096992	0.26005217925107427	0.31284530386740333	0.1899171270718232
0.24467035884985966	0.24618769440861846	0.3155299294438965	0.19361201729762537
0.2461971402494676	0.25365074536051113	0.3063583815028902	0.19379373288713111
0.24134474516153906	0.24805304957976715	0.30935307271185136	0.20124913254684246
0.23876941914747074	0.25032524680492846	0.31147164613147627	0.1994336879161246
0.24389683936634268	0.25476390908395197	0.3066503405525369	0.19468891099716845
0.24516917436798288	0.24936989230886733	0.30993660734743755	0.1955243259757122
0.246428301458916	0.24945196159951621	0.3043313931514098	0.19978834379015797
0.24169371040024726	0.25312934631432543	0.3050533147890589	0.20012362849636842
0.24502391606233606	0.2512729517049838	0.30936583860515354	0.1943372936275266
0.23870668316831684	0.25549195544554454	0.31242264851485146	0.19337871287128713
0.2426419998471065	0.25456769360140663	0.31075605840532067	0.1920342481461662
0.24463388643629166	0.2539960420155275	0.3110823565230629	0.190287715025118
0.24473704355814133	0.24902396080532802	0.3111842608895353	0.19505473474699533
0.2425882173614816	0.24860909991616492	0.31224754210807104	0.19655514061428245
0.2414505393619463	0.25422691454364627	0.30931068778211307	0.1950118583122944
0.24967440435149008	0.24967440435149008	0.30659618478510686	0.19405500651191296
0.23583743842364532	0.26000615763546797	0.3126539408866995	0.1915024630541872
0.2431384475024709	0.2552269444233255	0.3081426290580096	0.19349197901619403
0.24147265836491608	0.25632299481785137	0.3079897903936886	0.19421455642354396
0.24680916500076888	0.25334461017991694	0.31101030293710596	0.1888359218822082
0.24586933454600576	0.2507958162801273	0.3119599818099136	0.19137486736395332
0.2489693082913422	0.25469537333944114	0.3038631852191174	0.19247213315009926
0.24163483575248282	0.25439266615737205	0.31122994652406416	0.19274255156608097
0.24632127529123238	0.25344880441446965	0.30770999386879216	0.19251992642550583
0.24577889831155933	0.25525250210100087	0.3013217205286882	0.1976468790587516
0.2475461782208826	0.25171960738851534	0.31007033001004713	0.1906638843805549
0.2413714111178986	0.2561850946854001	0.30421502748930973	0.19822846670739158
0.24007707129094413	0.25703275529865127	0.3095183044315992	0.1933718689788054
0.2499809813617345	0.25195891974134654	0.301255230125523	0.19680486877139597
0.24543704274162495	0.2586830958798614	0.3038891028109357	0.19199075856757797
0.24409809763923906	0.2555581022232409	0.3120941248376499	0.1882496752998701
0.24324530025116067	0.2503995737879595	0.3114392267295837	0.19491589923129615
0.23662598818021338	0.2584235167702817	0.310691534269706	0.1942589607797989
0.2454237809567759	0.2571912013536379	0.3016459006306722	0.195739117058914
0.24541478013966694	0.24886808380016884	0.312025170746681	0.19369196531348323
0.23773297831875237	0.25713198934956255	0.3126664130848231	0.19246861924686193
0.24612108305445696	0.2496957712199574	0.3158655308792212	0.18831761484636447
0.23681197037941829	0.25482861287121156	0.31116879151080235	0.19719062523856784
0.24474622562779758	0.25225703664365373	0.31075032243380624	0.19224641529474243
0.2490566037735849	0.25383134385829803	0.3067385444743935	0.19037350789372354
0.24413109756097562	0.25365853658536586	0.309375	0.19283536585365854
0.2418478260869565	0.254981884057971	0.30910326086956524	0.19406702898550723
0.23937839699915792	0.2592819413610962	0.30934701064074105	0.1919926509990048
0.24636566417967848	0.2519036997154065	0.31020690716098764	0.19152372894392738
0.24672925965830383	0.2521163613975681	0.30937355702631986	0.1917808219178082
0.23982106300705133	0.2554401395101979	0.31245735082265524	0.19228144666009553
0.24326586516511947	0.25490792877796375	0.3150205448181403	0.18680566123877645
0.24542096932237883	0.24662696917162885	0.31084646114419234	0.19710560036179994
0.24048521607278242	0.25610310841546624	0.31144806671721	0.19196360879454133
0.2454348498916744	0.25735066542865986	0.30663881151346334	0.19057567316620241
0.24143795902589874	0.2480092771550058	0.3156551990722845	0.19489756474681097
0.2431384475024709	0.2479282293013001	0.31445297650726073	0.1944803466889683
0.24406805523765926	0.253681239032578	0.3108262760357061	0.19142442969405662
0.24130567419158022	0.25343197071384993	0.3199359365466748	0.18532641854789506
0.24552796437466978	0.2545852517171107	0.3111932976073666	0.1886934863008529
0.24553366926248282	0.2566804092227821	0.30561917850053444	0.19216674301420064
0.24307150512938294	0.2573112846424744	0.30929413566069514	0.19032307456744757
0.24965643609711408	0.2559932814170102	0.30096197892808063	0.19338830355779507
0.24393072522034948	0.26016700170094326	0.3060924694603371	0.1898098036183702
0.24468580294802172	0.25027152831652444	0.3144297905352987	0.19061287820015516
0.2422134865436952	0.25370426368309645	0.31040217719987906	0.1936800725733293
0.24603900060938452	0.25060938452163317	0.30697745277269955	0.19637416209628275
0.24529894849950112	0.25259037531660145	0.31092178985340396	0.19118888633049352
0.2403634986747444	0.25838697463082166	0.30988262021961377	0.19136690647482013
0.23842469398616284	0.24861248384398996	0.32023112597886416	0.19273169619098304
0.2413636707234107	0.25035905964169625	0.32232217098798094	0.1859550986469121
0.24496543432521792	0.25819056206792906	0.30515479410880675	0.1916892094980463
0.24570006035003017	0.2518105009052505	0.3132166566083283	0.18927278213639107
0.24444444444444444	0.25483008781977856	0.3037037037037037	0.1970217640320733
0.24193548387096775	0.25397546569741025	0.313721035892776	0.19036801453884597
0.24046372475691846	0.2533283470456245	0.31017202692595364	0.19603590127150336
0.2437916414294367	0.24939430648092065	0.313900666262871	0.19291338582677164
0.2436130007558579	0.2617535903250189	0.3066515495086924	0.18798185941043083
0.24558465286236297	0.2601248477466504	0.3092265529841656	0.18506394640682094
0.23696610427116582	0.260905912752698	0.3100015199878401	0.19212646298829608
0.24631109744850907	0.25891484783276975	0.3122502305564095	0.18252382416231172
0.23865520880446253	0.2540328659731645	0.3153173526307855	0.1919945725915875
0.2395046813651465	0.2511325883418907	0.3157656297191181	0.19359710057384477
0.23854190497979105	0.2570731335316099	0.3182338137725921	0.18615114771600702
0.2495718859355223	0.25433698160970886	0.30786985332439876	0.18822127913037004
0.2410194358315057	0.2578839900173939	0.31286394917946003	0.1882326249716403
0.24642722117202268	0.2530812854442344	0.3066918714555766	0.19379962192816635
0.24732407196538375	0.24550216351628332	0.31898580429666745	0.18818796022166553
0.24425981873111782	0.25506042296072506	0.3138972809667674	0.18678247734138972
0.2418978870591774	0.2564854500338371	0.3046845627490789	0.1969321001579066
0.24391727493917276	0.2558546228710462	0.30770985401459855	0.19251824817518248
0.23648391757280815	0.2599041897954528	0.31594555547106684	0.1876663371606722
0.24293785310734464	0.25660406168880745	0.3063063063063063	0.19415177889754162
0.24200982244049868	0.25644125425009445	0.31152247827729507	0.19002644503211183
0.2431852986217458	0.2619448698315467	0.3025267993874426	0.19234303215926493
0.2511564419504057	0.26162129369833925	0.3021915522863426	0.18503071206491242
0.24708141321044547	0.2588325652841782	0.3050691244239631	0.1890168970814132
0.24416926232621744	0.2582238091620451	0.3066930031147915	0.190913925396946
0.24049005520683658	0.2577327384103456	0.3056794978446646	0.19609770853815323
0.24582320777642772	0.25637910085054677	0.30612089914945323	0.19167679222357228
0.24603900060938452	0.25929311395490556	0.30796770262035345	0.1867001828153565
0.24770783573464827	0.26219277294090454	0.3027197781030896	0.18737961322135757
0.2443574389682174	0.2607861200675572	0.30531245201903884	0.18954398894518654
0.24203821656050956	0.2600090991810737	0.3083864118895966	0.18956627236882015
0.24034993477093086	0.25638861177192845	0.3163993553833167	0.18686209807382395
0.24390981994250266	0.2582085035557573	0.30874564987138753	0.18913602663035256
0.24990452913770717	0.2598334988161613	0.30856182693042083	0.1817001451157107
0.2466536321251316	0.25612874116408485	0.31237780117310876	0.18483982553767483
0.24174242424242423	0.25515151515151513	0.3168939393939394	0.18621212121212122
0.24722996909625386	0.2593653425793322	0.30881133639858294	0.184593351925831
0.24391350370482384	0.25419628005443823	0.3158929381521246	0.18599727808861333
0.24499545040946316	0.2589475280558083	0.3061874431301183	0.18986957840461025
0.23727779049362935	0.2630655374990463	0.3121995880064088	0.18745708400091554
0.24302184466019416	0.25591626213592233	0.3040807038834951	0.19698118932038836
0.23974065598779556	0.2579710144927536	0.3126620900076278	0.18962623951182303
0.2420453694691922	0.2557460507599012	0.31286965635996106	0.18933892341094558
0.24247894103489773	0.25691937424789413	0.3085890493381468	0.19201263537906138
0.23572716346153846	0.2531550480769231	0.32166466346153844	0.189453125
0.23897963750279705	0.25248004773625715	0.31371671514880284	0.1948235996121429
0.24293319337182276	0.2580040488865562	0.30951488340706307	0.189547874334558
0.2451652200395919	0.262067915334247	0.30531445104309424	0.18745241358306686
0.2396351575456053	0.2571988542137796	0.31313131313131315	0.19003467510930197
0.2364717392940468	0.26371641454052835	0.3068412734251524	0.19297057274027243
0.23830049261083744	0.25954433497536944	0.3108836206896552	0.19127155172413793
0.23819209039548023	0.2601129943502825	0.3107344632768362	0.19096045197740114
0.23951141795007966	0.25969198088157197	0.307260450648661	0.19353615051968742
0.23679584193227854	0.25773905067645037	0.31667048842008716	0.188794618971184
0.23817046565861733	0.2640487474610697	0.31023847137591215	0.18754231550440081
0.24112616362673125	0.26458790585029895	0.3099220464693862	0.1843638840535836
0.24438733086401088	0.25549928188071663	0.3137047395872704	0.1864086476680021
0.23790261028850557	0.2530911311250191	0.3131582964432911	0.19584796214318426
0.2416297202262651	0.2604341843754778	0.30813331294909035	0.1898027824491668
0.242078197080844	0.25712773198215233	0.3145277168569916	0.1862663540800121
0.23880036079374625	0.2571407095610343	0.3113349368610944	0.19272399278412508
0.23937784522003036	0.2606980273141123	0.3081942336874052	0.1917298937784522
0.24306700644581022	0.2562584320191875	0.30984859841103285	0.19082596312396943
0.24086818422445738	0.2562958481433865	0.31120018150192846	0.19163578613022764
0.2427579963789982	0.25528062764031384	0.3168376584188292	0.18512371756185877
0.23630732038981642	0.2604819823222785	0.3144216967590844	0.18878900052882072
0.24036057874403455	0.26270737065373834	0.3092189985607151	0.187713052041512
0.24133552435016434	0.2589632506722438	0.3110994920824619	0.18860173289512996
0.24073375103797087	0.2575677511889484	0.30980599380991924	0.19189250396316146
0.24520288206295032	0.25688282138794083	0.3098976109215017	0.18801668562760712
0.23876108855811157	0.2622162080890092	0.3109306871147196	0.1880920162381597
0.23531188642199063	0.2628001812415043	0.30901676483914814	0.1928711674973569
0.2357563850687623	0.26379023726764395	0.3059543599818649	0.1944990176817289
0.24203149724964207	0.2622259061110693	0.30901966694295835	0.18672292969633034
0.24838126788134318	0.25598554434573106	0.3115494654419515	0.18408372233097425
0.24443088190418066	0.25991760756789745	0.30988709185230395	0.18576441867561794
0.23640500568828213	0.262191884717482	0.31277967387182404	0.18862343572241183
0.23966065747614	0.25996061202848053	0.3182093622178458	0.18216936827753372
0.24309185959671398	0.2622106049290515	0.30776699029126214	0.18693054518297236
0.23377811666031262	0.2583301563095692	0.3181852840259245	0.18970644300419368
0.24297309484443108	0.25537351570719974	0.31632346309935366	0.1853299263490155
0.2450892857142857	0.25952380952380955	0.3116815476190476	0.18370535714285716
0.24042102074814478	0.2577616235044677	0.3108435559594124	0.19097379978797516
0.23908947011381623	0.2617773422778322	0.3166503354187081	0.18248285218964347
0.23956374576908612	0.2571643474990598	0.3156825874388868	0.1875893192929673
0.24441798154212563	0.2534236379874963	0.3077552843108068	0.1944030961595713
0.23394772624263485	0.2618220274966007	0.31568212720954825	0.18854811905121618
0.23935136750859362	0.2583320878792408	0.3104169780301898	0.1918995665819758
0.23971471471471473	0.2620870870870871	0.3120870870870871	0.18611111111111112
0.2432473329802527	0.25898464099266094	0.31754558523114174	0.18022244079594463
0.24161224949335736	0.2631539443068378	0.305711926743226	0.18952187945657886
0.24027999695655483	0.2636384387126227	0.3073118770448147	0.18876968728600776
0.2453537170263789	0.2575689448441247	0.307628896882494	0.18944844124700239
0.23886305684715764	0.2564871756412179	0.31798410079496026	0.18666566671666418
0.24186840932719442	0.2580573295707708	0.31783751670874794	0.1822367443932868
0.23540363419719987	0.26943699731903487	0.30816204944891273	0.18699731903485256
0.23670838073568448	0.26431551004929843	0.31497914296549107	0.18399696624952597
0.2386253268584236	0.2593201344788943	0.3101979828165857	0.19185655584609637
0.23612467142320692	0.2611340593315809	0.3130304168231318	0.18971085242208036
0.2427031881454872	0.2606645711719802	0.31028289178266727	0.1863493488998653
0.23757658270932608	0.25920883443007336	0.3148778458512972	0.18833673700930337
0.2352675886951293	0.2628532772098617	0.31742333132892364	0.1844558027660854
0.23991634299372572	0.25926202569465195	0.31326561099492084	0.18755602031670152
0.2382940650164032	0.2627497763197137	0.31210855949895616	0.18684759916492694
0.24116534241392357	0.2613696556942868	0.3106318577374196	0.18683314415437002
0.23962208004761196	0.26149382532361254	0.30776670138372264	0.1911173932450528
0.23431498079385404	0.2618061309030654	0.3148301574150787	0.1890487308880018
