A	C	G	T
0.19004424778761062	0.2368731563421829	0.26261061946902653	0.31047197640117996
0.1955698047216555	0.239070241911979	0.2685805887496357	0.2967793646167298
0.19705083999706552	0.23762013058469664	0.26190301518597314	0.3034260142322647
0.1971799955937431	0.23243005067195419	0.2707644855695087	0.299625468164794
0.19232462577047255	0.2397270325799824	0.2710595832110361	0.2968887584385089
0.19668752300331246	0.24144276775855722	0.2679425837320574	0.29392712550607286
0.18667854756070396	0.2440781168782951	0.26769139377738177	0.3015519417836192
0.19838086208154038	0.23178469841732915	0.26788709795055066	0.30194734155057984
0.19640508548882069	0.23958790004384042	0.26852257781674704	0.2954844366505918
0.19509500662836943	0.23619089703932833	0.26623950508174987	0.30247459125055237
0.19019479098270956	0.23819946012986065	0.27081053476325967	0.30079521412417015
0.2034183039953254	0.23884303557081293	0.267182820831203	0.2905558396026587
0.19435290593169563	0.23502097064110244	0.259212103055722	0.3114140203714799
0.19357891671520094	0.23551252184041935	0.2676907396622015	0.3032178217821782
0.19043090204111493	0.2407637720389202	0.2687833784475821	0.30002194747238276
0.19375688578773412	0.23694454645611457	0.2730077120822622	0.2962908556738891
0.18638876438069624	0.24503212311370087	0.27192589272374124	0.29665321978186165
0.1961820851688693	0.23854625550660793	0.26953010279001466	0.29574155653450807
0.19367324153330853	0.23997022701898027	0.2641607740975065	0.3021957573502047
0.19332549250220524	0.2309614819170832	0.2706556895030873	0.30505733607762425
0.19094818161941549	0.24466146782304496	0.26098680854165146	0.30340354201588804
0.1937363437727604	0.2384559359067735	0.26686088856518575	0.3009468317552804
0.18801822663778292	0.2407559572719803	0.26570553522073653	0.3055202808695003
0.19899911686782454	0.23572269649690905	0.26236385045628496	0.30291433617898145
0.19533017147026632	0.23079168186793142	0.2710689529368843	0.30280919372491794
0.1899029692857664	0.24367111694754506	0.2721966878237397	0.29422922594294887
0.18902934870998744	0.24277371183558807	0.26140311968655283	0.3067938197678717
0.1960166947353006	0.23182250860364648	0.2666764296697664	0.3054843669912865
0.1867532084378227	0.23816197079215223	0.2667797610267001	0.30830505974332495
0.19992630803242448	0.2346352247605011	0.26374355195283716	0.3016949152542373
0.18690013920433732	0.23899186753608323	0.2719613158473148	0.30214667741226464
0.19938829012525489	0.2387124963588698	0.26835129624235365	0.2935479172735217
0.19216182048040456	0.24012790957090802	0.27314642671227785	0.2945638432364096
0.19965730462638753	0.23400134098189673	0.2652909185725993	0.30105043581911645
0.18190427624389888	0.23646827420412325	0.27231004589495156	0.3093174036570263
0.19518266344534738	0.2360348488176294	0.2621714620396808	0.3066110256973424
0.1931044579459776	0.23204743430202768	0.2678427640729083	0.30700534367908644
0.19609848761598597	0.23423686710016806	0.2706217578724337	0.2990428874114123
0.1975436519680379	0.2360165729505771	0.2656851139390352	0.30075466114234983
0.1889936417452313	0.24409851640722063	0.2708470364686107	0.29606080537893736
0.1965152183502426	0.23378914865460962	0.26363770033818557	0.3060579326569622
0.19409220845855019	0.23990324708641794	0.267316572601334	0.2986879718536979
0.19148619483515666	0.24224157177941505	0.2650145121678946	0.3012577212175337
0.19977620290936218	0.23565833644162626	0.2694516971279373	0.2951137635210742
0.19561026249443866	0.23483612635325524	0.261604627020614	0.30794898413169214
0.1943571376361377	0.23996783860828888	0.26255390687815217	0.3031211168774212
0.19335793357933578	0.23719557195571955	0.2637638376383764	0.30568265682656826
0.19280261723009814	0.24180298073427844	0.27284623773173394	0.29254816430388947
0.19521587795304748	0.23861364141301933	0.26497815300303634	0.3011923276308968
0.1943455192964605	0.2344647140053783	0.26775201686169053	0.30343774983647065
0.18853057055304245	0.2440536991098789	0.26506639427987744	0.3023493360572012
0.18969209185557115	0.23657978291368234	0.2676659528907923	0.3060621723399542
0.18670396819553853	0.2413310756092174	0.26577339321210336	0.3061915629831407
0.18471755948036783	0.24638738870237922	0.2679900744416873	0.3009049773755656
0.19066147859922178	0.23877581562406466	0.26144866806345407	0.3091140377132595
0.19179787623581107	0.23456609300622483	0.27425851336506774	0.29937751739289636
0.19087351399246844	0.24396367126929042	0.2644908808978808	0.30067193384036034
0.1895720536972484	0.23533338277831342	0.268782911814878	0.3063116517095602
0.19036358261897723	0.23980195093112622	0.26086313922553944	0.3089713272243571
0.193908851884312	0.23634238971662286	0.271034180543383	0.2987145778556822
0.19220836715118425	0.2296908433557146	0.27381391573821295	0.3042868737548882
0.19031805770791824	0.23260275994391558	0.27296878459154306	0.30411039775662313
0.18480477855477856	0.23958333333333334	0.2681381118881119	0.3074737762237762
0.19231892523364486	0.23736857476635514	0.26730432242990654	0.30300817757009346
0.18848320772664082	0.24167703226750567	0.2689690495353772	0.3008707104704763
0.1920407560543414	0.23840815121086828	0.26447135262847016	0.30507974010632016
0.18929494278331488	0.2393503137689184	0.2713178294573643	0.3000369139904024
0.19008815467812432	0.23949922216460479	0.27298318393955107	0.2974294392177198
0.1981048267693219	0.2415605567071365	0.2591797453360971	0.3011548711874445
0.19127739650210315	0.2407202420485573	0.26558925540550515	0.3024131060438344
0.19355552278425012	0.2377230496976847	0.264194071670845	0.3045273558472202
0.19437973209085616	0.23514851485148514	0.2692195690157251	0.3012521840419336
0.19612414396036718	0.2341541599883433	0.2675214920588664	0.30220020399242314
0.19253105932514886	0.23899139895611263	0.2698669411159303	0.2986106006028082
0.19147200593251762	0.24011865035224322	0.2648869113830182	0.303522432332221
0.19527582159624413	0.23708920187793428	0.2676789906103286	0.29995598591549294
0.1940364277320799	0.24067273795534666	0.2591069330199765	0.3061839012925969
0.19496296296296298	0.23992592592592593	0.2679259259259259	0.29718518518518516
0.19529499626587005	0.24510828976848395	0.26631814787154595	0.2932785660941001
0.196044776119403	0.23902985074626865	0.2641044776119403	0.30082089552238805
0.18894896674320422	0.24257462410191838	0.2657580919931857	0.30271831716169173
0.19714369846878682	0.24285924617196702	0.2625147232037691	0.29748233215547704
0.19289190384898983	0.23750184338593128	0.2681757852824067	0.30143046748267216
0.19085705899618433	0.24545054299970648	0.2666568828881714	0.2970355151159378
0.1960345855694693	0.2370304114490161	0.2657274895646989	0.30120751341681573
0.19565861609127277	0.2367758186397985	0.2703363461253519	0.2972292191435768
0.19192956713132794	0.24233308877476156	0.2697725605282465	0.29596478356566397
0.19103808812546677	0.2376400298730396	0.2722927557879014	0.29902912621359223
0.19278698138102918	0.24146019645213312	0.26550359184870254	0.30024923031813516
0.19198935855749336	0.23943245639964528	0.2697310079810819	0.2988471770617795
0.1938225079435454	0.23889750979088156	0.26749427325796205	0.29978570900761103
0.1910003718854593	0.243882484194868	0.26917069542580885	0.29594644849386387
0.19066876357372875	0.23874784692578446	0.2700516737811728	0.30053171571931403
0.19076127124907613	0.24146341463414633	0.26666666666666666	0.30110864745011084
0.1920833025625877	0.2379440218595377	0.27065947862048595	0.29931319695738867
0.195179134002491	0.23759982416294234	0.2619972159132537	0.3052238259213129
0.19217786909304374	0.24530378632227767	0.26254769592016436	0.29997064866451423
0.18909410729991205	0.24245089416593374	0.27521254763998826	0.29324245089416595
0.19377811094452774	0.2389055472263868	0.26626686656671666	0.3010494752623688
0.18598123938252456	0.24410960927690376	0.2722505354900657	0.29765861585050596
0.19559720362933214	0.23910456641380337	0.2704893648668749	0.2948088650899896
0.19438638399522246	0.23716034637205136	0.2753807106598985	0.2930725589728277
0.19489078119215106	0.23635690485005553	0.26723435764531656	0.30151795631247685
0.1893113927803721	0.23971536579942185	0.2703283670595212	0.3006448743606849
0.19265850945494994	0.24301075268817204	0.26192065257693736	0.3024100852799407
0.19191545965119716	0.24312740171445463	0.2701005025125628	0.2948566361217854
0.18974132863021753	0.24544385655496767	0.2655055849500294	0.2993092298647854
0.200986890558256	0.23626454558845192	0.2670496391221093	0.2956989247311828
0.18638501156975443	0.2443830708367545	0.2667761439128163	0.3024557736806748
0.1920646583394563	0.24658339456282147	0.2615723732549596	0.29977957384276266
0.19403537334418708	0.24147117590468437	0.26811218826315397	0.29638126248797453
0.18857439241256668	0.23443983402489627	0.2730438648488441	0.3039419087136929
0.19252087798388884	0.24004138644593895	0.26879018549996303	0.29864755007020916
0.19289188178077066	0.23741114852225964	0.2741488963711186	0.2955480733258511
0.18823265885163892	0.23564548644814456	0.2749944000597327	0.30112745464048385
0.19111210030417686	0.2358483567030195	0.27539134950663996	0.29764819348616367
0.18991819588768516	0.24069570344166852	0.2686270174662834	0.3007590832043629
0.19418476260581524	0.2388663967611336	0.2651453809348546	0.30180345969819655
0.18769093212130245	0.24312644363311228	0.27307950227255795	0.29610312197302735
0.19228195404862816	0.24016655513421073	0.2705033831511637	0.2970481076659975
0.1929978759247052	0.24060646011865525	0.26558265582655827	0.3008130081300813
0.19138579541264106	0.23821815768124494	0.2681613688325098	0.30223467807360427
0.19533397726428411	0.24452039527453748	0.2576714466156475	0.30247418084553085
0.1972214054689797	0.24522199353131433	0.269920611584828	0.287635989414878
0.1907321874763383	0.2405542515332778	0.2750056788066934	0.2937078821836905
0.18826496550700986	0.2364067947481641	0.2708256064090201	0.30450263333580596
0.18955841086988628	0.23755722936050805	0.27137793531236154	0.3015064244572441
0.1870615168746769	0.2501292371316742	0.26645004061738425	0.2963592053762647
0.19698908543470078	0.2377117049303726	0.2718855852465186	0.29341362438840796
0.19421332733678134	0.2336406566224421	0.26976988231766735	0.30237613372310923
0.2005171776874769	0.24130033247137053	0.27004063538973033	0.28814185445142226
0.19426081730769232	0.24060997596153846	0.2648737980769231	0.30025540865384615
0.19010705057216684	0.2470284237726098	0.2714654854189738	0.2913990402362495
0.19518716577540107	0.23878490790255497	0.27243018419489007	0.2935977421271539
0.18998285756875605	0.2508757546396363	0.2663039427591861	0.29283744503242154
0.18887480426515546	0.2398777123257028	0.27089702483036315	0.3003504585787786
0.19107381553542255	0.23451656022575376	0.26696866181494133	0.30744096242388236
0.18548268238761975	0.24613117170228446	0.2703021370670597	0.2980840088430361
0.19474624200029766	0.2405863967852359	0.26276231582080667	0.30190504539365975
0.19293960923623446	0.24178507992895204	0.26983422143280045	0.295441089402013
0.18777619653958505	0.24237884802636506	0.2676953037225676	0.3021496517114823
0.18578824941847377	0.2420649808659113	0.2730547009829669	0.299092068732648
0.18810562911457948	0.24365707522745766	0.266513795399068	0.3017235002588949
0.18890621519269324	0.2388802257369867	0.27014182817257	0.3020717308977501
0.19116784037558684	0.23085387323943662	0.2732541079812207	0.3047241784037559
0.18598583674990682	0.23965710026090198	0.2737234439060753	0.3006336190831159
0.19196563159481458	0.2490201989749774	0.2637925836599337	0.29522158577027435
0.18984711295829004	0.23934985898767996	0.26666171886596407	0.3041413091880659
0.18302816383557616	0.2405323920876535	0.2752408265313626	0.3011986175454078
0.19372157184400865	0.2478562374170457	0.26135262098277534	0.2970695697561703
0.1895935685573917	0.24497543546225994	0.26425487568855144	0.3011761202917969
0.1870919881305638	0.24495548961424332	0.2663204747774481	0.3016320474777448
0.19021899970405445	0.231651376146789	0.2763391535957384	0.3017904705534182
0.1928267839832973	0.24353142942360748	0.2612034896726568	0.30243829692043844
0.1872807344927969	0.23900873329849967	0.26640292602821525	0.3073076061804882
0.195829956531349	0.24158255359905695	0.26280114934060267	0.2997863405289914
0.19514361859638732	0.24570624814924488	0.2608824400355345	0.2982676932188333
0.19216096940683672	0.24796170244595706	0.2647916822499813	0.2950856458972249
0.19170713485244678	0.2402689577885693	0.26776242062009714	0.3002614867388868
0.1921282360024082	0.23841059602649006	0.267835641180012	0.3016255267910897
0.19155672823218997	0.2407840180927252	0.2687523558235959	0.2989068978514889
0.19153708133971292	0.24304724880382775	0.26659688995215314	0.2988187799043062
0.19419877079898065	0.23564682956078548	0.2713985909159047	0.29875580872432916
0.1830060422960725	0.2380664652567976	0.275	0.3039274924471299
0.1918783247171649	0.23795609500262233	0.2691990709522739	0.30096650932793884
0.19046912114014253	0.24072149643705462	0.26729513064133015	0.3015142517814727
0.18778614680254024	0.24117560183133954	0.274996307783193	0.2960419435829272
0.1943152842357882	0.2408129593520324	0.2649617519124044	0.299910004499775
0.189292686589578	0.23990088601892176	0.26182610001501727	0.30898032737648295
0.18952416082626336	0.23858354850608632	0.2684618222058281	0.3034304684618222
0.19039079429126504	0.2370918329223642	0.27183740566390197	0.3006799671224688
0.18986678640922017	0.24173027989821882	0.2697201017811705	0.2986828319113905
0.18734921592279855	0.2423854041013269	0.27005428226779254	0.300211097708082
0.18642411486130947	0.23934450875742314	0.2779824099827107	0.2962489663985567
0.1920036141856788	0.23883743693998946	0.2747534071229576	0.2944055417513741
0.19532075471698113	0.24037735849056605	0.2677735849056604	0.29652830188679247
0.1972318339100346	0.24311719572739582	0.26372799759289905	0.2959229727696705
0.19006912956217945	0.24529844644317253	0.26930796104958005	0.29532446294506803
0.19205347754243654	0.23832056481898753	0.2690401081568274	0.30058584948174855
0.19395937944989883	0.2512178670463914	0.26388368432886156	0.29093906917484824
0.1892117441772248	0.24338062362491464	0.26947879523556634	0.2979288369622942
0.19208654864578606	0.24111060674837342	0.2688757754577092	0.29792706914813133
0.1878920716499131	0.24359458846648024	0.26626861159398385	0.30224472828962284
0.19036252424287634	0.23653587945695956	0.26958078472325825	0.30352081157690586
0.19281143027236197	0.2491442178895669	0.26164607828545916	0.296398273552612
0.1913238593866866	0.24046372475691846	0.274943904263276	0.2932685115931189
0.1887674330946099	0.24530719939690915	0.2682246513381078	0.29770071617037314
0.18458524824832367	0.24207036841708732	0.27898741806675204	0.29435696526783695
0.1951036909485663	0.24077262858426293	0.26016321030171446	0.3039604701654563
0.18968965261832457	0.24227834975187024	0.2659062291682098	0.30212576846159545
0.18723467639830194	0.24942280479630596	0.2696060177254785	0.2937365010799136
0.19045100853667749	0.2415955276875425	0.2730981340182821	0.2948553297574979
0.18889477267569407	0.24343747635978516	0.26613208260836674	0.30153566835615403
0.1888012025554303	0.24141300263059	0.270499812100714	0.2992859827132657
0.19020492712880077	0.2422135089147	0.2746171487756159	0.29296441518088334
0.1944569288389513	0.24764044943820224	0.26644194756554307	0.29146067415730337
0.19381193736288677	0.24351312504728043	0.2656025417958998	0.29707239579393296
0.19318011116118372	0.23786991137148866	0.2682890190776626	0.300660958389665
0.18410794602698652	0.2537481259370315	0.2700149925037481	0.2921289355322339
0.18418478669776542	0.24204348807463696	0.2759762245128282	0.2977955007147694
0.18866360141704983	0.2410492198688475	0.26584759176905104	0.30443958694505163
0.193123465059165	0.24224157177941505	0.27067053657810525	0.29396442658331473
0.189060731799321	0.24428517540550734	0.2661637118068653	0.3004903809883063
0.18619200119162882	0.24890146719296938	0.26223281447829	0.3026737171371118
0.1917298824929347	0.24564926372155288	0.2615647776290347	0.3010560761564778
0.18549045815697632	0.24400386129056212	0.2675428826019158	0.30296279795054576
0.1869942840175191	0.2405908989681538	0.27214015292108973	0.30027466409323733
0.19024607835848636	0.24674745372091295	0.26340049066983867	0.29960597725076205
0.18577311868214152	0.24417821040808685	0.26978659678023215	0.3002620741295395
0.19529850746268657	0.24798507462686567	0.2612686567164179	0.2954477611940298
0.18604651162790697	0.24388402295379039	0.26630927212322564	0.30376019329507703
0.1923164183619451	0.2444982227936172	0.26605157679800345	0.29713378204643426
0.1911633442427849	0.24553704254686104	0.2691163344242785	0.2941832787860756
0.18890644991344924	0.24497629261684353	0.26687739896139084	0.2992398585083164
0.19366380916884085	0.241222512113306	0.26910175177040624	0.2960119269474469
0.18798069672749207	0.2452118835771377	0.2679083094555874	0.29889911023978283
0.19523345574458517	0.2393015064078543	0.2737015663643858	0.2917634714831747
0.19335324297419404	0.2421318630829313	0.270081935829696	0.29443295811317866
0.18835874981126377	0.2473954401328703	0.27313906084855805	0.2911067492073079
0.19311332127787825	0.2445750452079566	0.26763110307414106	0.2946805304400241
0.19148456859653076	0.24127055643162876	0.2704813396410603	0.2967635353307802
0.19672131147540983	0.24184087832756807	0.27154459317190555	0.28989321702511656
0.1878728384807068	0.23899418560749075	0.27478667975534243	0.29834629615646
0.1856215974345589	0.2439406368856738	0.2706391229771049	0.2997986427026624
0.1893740136770121	0.24453295258134816	0.26948222739911326	0.2966108063425265
0.18788937851390367	0.24783467558121866	0.2703996353137821	0.2938763105910956
0.19152288072018003	0.24253563390847713	0.2660165041260315	0.2999249812453113
0.18564766059876636	0.24529863096133595	0.27237851662404094	0.2966751918158568
0.19482655502392343	0.24304724880382775	0.26241028708133973	0.2997159090909091
0.18665252632376336	0.241118097113855	0.26611620331793046	0.3061131732444512
0.1883679259369867	0.24175003733014783	0.2704942511572346	0.2993877855756309
0.19087761553514979	0.2431883185307843	0.26892970043654973	0.2970043654975162
0.19228118538938663	0.2464966689639329	0.26326671261199175	0.29795543303468874
0.18646524757763028	0.24254215304798962	0.2785534447241932	0.29243915465018694
0.19094947669603193	0.2421504404788796	0.27430163391310897	0.2925984489119795
0.18988491823137493	0.2425045427013931	0.2721078134463961	0.29550272562083585
0.19033575317604357	0.2469751966122202	0.26845130066545675	0.2942377495462795
0.1888382687927107	0.24707668944570996	0.2708428246013667	0.2932422171602126
0.1908563681554568	0.24342848535060632	0.26700308804699857	0.2987120584469383
0.18833608898241394	0.24695626033368406	0.2672478581091237	0.2974597925747783
0.18483982553767483	0.23958489998496013	0.27252218378703563	0.3030530906903294
0.1937211724445767	0.24527600059514953	0.27146257997321827	0.2895402469870555
0.19492770432227635	0.24039279362870178	0.266450166241398	0.2982293358076239
0.1895759193357058	0.2401393831553974	0.26512455516014233	0.30516014234875444
0.18729776506885393	0.24373542027240575	0.2693204906313492	0.29964632402739105
0.1912696019300362	0.24087756332931243	0.2782720144752714	0.28958082026537996
0.18800214247455813	0.24294131150049736	0.2673502180733032	0.30170632795164126
0.18642160540135033	0.24051012753188297	0.2747186796699175	0.2983495873968492
0.18724248435830917	0.23966122386693117	0.27887990233480847	0.29421638943995115
0.1949005069229023	0.2472573201180298	0.26488613149731405	0.2929560414617538
0.186555137748446	0.24687284168521217	0.2718133681221702	0.2947586524441716
0.19162359379750685	0.24353906962602614	0.2674065065369413	0.2974308300395257
0.19197273759939418	0.2387731919727376	0.27436577054146155	0.2948882998864067
0.1848316295850872	0.24992483463619963	0.2624774503908599	0.30276608538785327
0.18827534039334343	0.24561270801815432	0.2683055975794251	0.2978063540090772
0.19318527532704594	0.24680559780955277	0.2658198965622148	0.2941892303011865
0.19442109285441345	0.24455483377913642	0.26473060756591515	0.29629346580053495
0.18181818181818182	0.24706322484100263	0.2713804713804714	0.29973812196034416
0.19191011235955055	0.2500374531835206	0.2623970037453183	0.2956554307116105
0.193670216783745	0.2500944180074024	0.2625575949845155	0.29367777022433716
0.18744737849215462	0.2480673555300421	0.2685801760428626	0.2959050899349407
0.1882291355070296	0.25067304816033503	0.2668262040083757	0.29427161232425963
0.1893899204244032	0.24213717317165592	0.26881394467601366	0.2996589617279272
0.19027355623100303	0.23898176291793313	0.2757598784194529	0.29498480243161096
0.18902720147533425	0.24773321038881205	0.27385892116182575	0.289380666974028
0.1917321644498186	0.2460701330108827	0.2691958887545345	0.2930018137847642
0.18757575757575756	0.24303030303030304	0.2733333333333333	0.2960606060606061
0.18835850345298627	0.24542763906807316	0.26508309933975865	0.3011307581391819
0.1868107134818816	0.24683021982144196	0.26731187635981696	0.2990471903368595
0.18526584559927906	0.24984980474617002	0.26764794232502254	0.2972364073295284
0.1882980321466126	0.24252666366231035	0.26753792999849785	0.30163737419257924
0.1892646836780915	0.248301373999698	0.2688358749811264	0.2935980673410841
0.18184580326623623	0.24041017850360805	0.2736042537030004	0.30413976452715535
0.18699307984225016	0.2418334697522137	0.2695885110499293	0.3015849393556068
0.1888353897080951	0.2469154378573578	0.26963587120072224	0.29461330123382484
0.17967979361104788	0.2479702557098414	0.2730100918127324	0.2993398588663783
0.1863169897377423	0.2460661345496009	0.27115165336374003	0.29646522234891676
0.18750476771683577	0.24578533831718666	0.27446792280112897	0.29224197116484857
0.19133629266799326	0.2413133323128731	0.267258533598653	0.3000918414204806
0.18518795306778268	0.24729093490770496	0.27568941035797023	0.2918317016665421
0.1869002284843869	0.24942878903274943	0.2656511805026657	0.298019801980198
0.1831593281888334	0.24534725374489333	0.271448025419882	0.3000453926463913
0.19291308645730362	0.2491065318226751	0.2625655843662079	0.2954147973538134
0.19154096869552034	0.23868718259683167	0.2691578867581293	0.30061396194951867
0.1890884698516807	0.24849072072743533	0.2656331519713796	0.29678765744950436
0.18233553380377873	0.24523863722588968	0.2669398285150618	0.30548600045526975
0.18803674109476515	0.2488238369053842	0.27301919199462327	0.2901202300052274
0.19029393753827312	0.2407379056950398	0.26814145744029394	0.30082669932639317
0.19308204662428097	0.24220405691795338	0.27399333938843473	0.2907205570693309
0.18851070383489912	0.2505005390420453	0.26667180040043126	0.29431695672262437
0.1935557240333586	0.23692191053828657	0.2696739954510993	0.2998483699772555
0.18797564687975646	0.24733637747336376	0.26552511415525115	0.29916286149162863
0.1904254509475607	0.24902960651495548	0.26455590227566783	0.295989040261816
0.18916666666666668	0.24833333333333332	0.2628787878787879	0.2996212121212121
0.1786036036036036	0.25375375375375375	0.27057057057057055	0.2970720720720721
0.1912871588230822	0.2442788717402874	0.2657948756937581	0.29863909374287234
0.18643681652490887	0.24749392466585662	0.2673906439854192	0.2986786148238153
0.1854082488373866	0.24609285659830754	0.266753068537013	0.30174582602729283
0.1827407351725175	0.2521235811471097	0.26693227091633465	0.29820341276403817
0.1882379654859219	0.24818346957311535	0.2710414774447472	0.29253708749621554
0.19452284689907698	0.24158974750171638	0.26775497749637656	0.29613242810283014
0.18873110398534126	0.25370285539777065	0.26660558863948697	0.2909604519774011
0.18986670705846714	0.24818236897909723	0.26938806422296274	0.2925628597394729
0.18156254749962	0.24623803009575923	0.2747378020975832	0.29746162030703754
0.18238614979299964	0.2490779074143771	0.27339104252916824	0.295144900263455
0.18565240519796336	0.2482711452238012	0.2738809939965043	0.29219545558173116
0.19137343927355277	0.24827847143397655	0.2728717366628831	0.2874763526295876
0.1923403598177747	0.24693073893907808	0.2682418346073662	0.292487066635781
0.18396946564885497	0.24763358778625955	0.27114503816793895	0.29725190839694654
0.18194254445964433	0.24152606779145766	0.2717738258093935	0.3047575619395045
0.1866911708400337	0.2448885825867218	0.26280725936135996	0.3056129872118845
0.18720573948135416	0.24796353037889546	0.27217696734175323	0.29265376279799715
0.1884391291015026	0.2431769395890831	0.2636461208218338	0.3047378104875805
0.18546118165918943	0.24484830050946696	0.26781233366283935	0.3018781841685043
0.18396406000152288	0.25020939617756793	0.27244346303205663	0.2933830807888525
0.18832305701453908	0.2454137169825683	0.27091421176828806	0.2953490142346046
0.18796134236359485	0.24457803820105015	0.26862491439007685	0.2988357050452781
0.18854127402940069	0.24455333584621183	0.2717678100263852	0.2951375800980023
0.18823975720789074	0.24332321699544765	0.2738998482549317	0.29453717754172987
0.18217641709608973	0.24393755683540466	0.26871779327068807	0.3051682327978175
0.1879432624113475	0.24543534027463407	0.27893466123434435	0.28768673607967404
0.19278683482005537	0.2453860350661335	0.27130113811135037	0.29052599200246076
0.1834607366226546	0.2510230870203073	0.27241139680333565	0.2931047795537024
0.18370484242890084	0.24558032282859338	0.27555726364335126	0.29515757109915447
0.18549501151189562	0.25049884881043744	0.27175748273215655	0.2922486569455104
0.18188795088257867	0.24980813507290867	0.272831926323868	0.29547198772064465
0.18843683083511778	0.24411134903640258	0.2691189966350566	0.29833282349342305
0.18383652147192134	0.2469078896827226	0.2737189828685565	0.2955366059767996
0.185079901659496	0.2503841425937308	0.27035955746773205	0.2941763982790412
0.19064084831719685	0.2504226217919164	0.2674043337943753	0.29153219609651143
0.18813444619896233	0.24543198736747124	0.27731408376569666	0.28911948266786974
0.18754751406416298	0.24540063858902236	0.2748973696214079	0.2921544777254067
0.1910224057505544	0.2476103081746578	0.267416074023094	0.29395121205169383
0.18491704374057316	0.24434389140271492	0.27677224736048267	0.29396681749622927
0.18206917708413223	0.24257995245034128	0.27440754659099625	0.30094332387453027
0.18618709384917637	0.24905546320084632	0.2669638809128004	0.297793562037177
0.18441340355698038	0.25112586825433175	0.274024883596672	0.2904358445920159
0.18285979716652473	0.24580010838429975	0.2761477123171015	0.295192382132074
0.18761999846401967	0.24967360417786652	0.2706397358113816	0.2920666615467322
0.18970667075132114	0.2415562533506931	0.27111894003216663	0.2976181358658191
0.18840247536099014	0.24761249904499963	0.2745053098021239	0.2894797157918863
0.18227159374291543	0.24967883321998036	0.27748809793697576	0.2905614751001285
0.18727969348659004	0.24942528735632183	0.26873563218390806	0.29455938697318007
0.19204892966360856	0.24571865443425076	0.2691131498470948	0.29311926605504585
0.18532291113303484	0.2517264931319724	0.2681186916597101	0.2948319040752827
0.18417452113104288	0.2538765582243843	0.2670264518090605	0.2949224688355123
0.18687676029534903	0.24168379386465708	0.26893506888939633	0.30250437695059756
0.1866068713894801	0.24665551839464883	0.2729553055640012	0.2937823046518699
0.18641074856046067	0.24491362763915547	0.27685220729366605	0.29182341650671784
0.18204296090248803	0.25297481069386496	0.27491886879925825	0.29006335960438884
0.18559535629725807	0.24020468952875582	0.27304666615748874	0.3011532880164974
0.18937853107344632	0.24693032015065913	0.2656120527306968	0.2980790960451977
0.18582317073170732	0.2544969512195122	0.2707317073170732	0.2889481707317073
0.18688650306748467	0.24624233128834355	0.27361963190184047	0.29325153374233126
0.18501552795031057	0.24937888198757763	0.26583850931677017	0.29976708074534164
0.1899564985117912	0.24917957719606196	0.26871708768984204	0.29214683660230484
0.18055980422147447	0.2558886509635974	0.2727133680024472	0.29083817681248086
0.18339260862842122	0.24725529611875677	0.2695221895778568	0.2998299056749652
0.18462944626399574	0.25135196892375655	0.27290730444055145	0.29111128037169626
0.18944936465152099	0.2497497112052368	0.26584520600693107	0.2949557181363111
0.1873276126264174	0.24479007048728163	0.2750536316273368	0.29282868525896416
0.19007179803906432	0.25067551918474484	0.2706708870531923	0.2885817957229985
0.1853846153846154	0.24761538461538463	0.272	0.295
0.18742777906170557	0.2495955627455512	0.271550727987058	0.29142593020568525
0.18766797204945096	0.24495124011364508	0.273516086923136	0.29386470091376793
0.18219983207388749	0.2486069765666743	0.2673841691473933	0.30180902221204486
0.17566442038313015	0.25092753842659193	0.2747785265389566	0.29862951465132126
0.1831611174894757	0.2516647531572905	0.2711825487944891	0.29399158055874475
0.18979340117175456	0.25238976256552575	0.27227875423990133	0.2855380820228184
0.18269007657204733	0.24959393611261504	0.2726428958156083	0.29507309149972927
0.17976326842306223	0.25116456662848413	0.2759831996945399	0.2930889652539137
0.1874282214225557	0.2502871143097772	0.2688921215833397	0.2933925426843274
0.18514813389765294	0.2527125817622162	0.2703347441323586	0.29180454020777224
0.17762748756218905	0.2507773631840796	0.2745646766169154	0.2970304726368159
0.18663806313208703	0.2517621820410665	0.26861783634692	0.29298191847992644
0.18692730604764812	0.2530543677458766	0.2687080024434942	0.29131032376298105
0.1883535369034832	0.24827374558846094	0.27727481970231704	0.28609789780573885
0.179030509524547	0.26002787672293637	0.27791544060709306	0.28302617314542355
0.19268406337371854	0.2531065548306928	0.2720565392979186	0.2821528424976701
0.17991697344716848	0.25236938983316365	0.27014960444897	0.2975640322706979
0.18144820701835215	0.25109421792213776	0.27029102357367735	0.29716655148583276
0.18405519356075126	0.24607129168263703	0.27527788424683786	0.2945956305097739
0.1893816268090705	0.24603358873152234	0.2707994737249439	0.2937853107344633
0.18425925925925926	0.24645061728395062	0.27391975308641975	0.2953703703703704
0.18264098398700396	0.2538098553415332	0.2740001547149377	0.2895490059565251
0.1804674199040396	0.2558427488004953	0.2665995975855131	0.297090233709952
0.19019111213446926	0.25136234553687925	0.2646404175301251	0.29380612479852636
0.18793235972328978	0.2418139892390469	0.2717140661029977	0.29853958493466565
0.18380894246909812	0.2528612849076759	0.2704104990080879	0.2929192736151381
0.18353462773276258	0.25691790246139734	0.26654945726953067	0.2929980125363094
0.18993544372715251	0.24834720385782064	0.2772030800342226	0.28451427238080423
0.18424156640717151	0.2495085318864512	0.276480301958009	0.2897695997483683
0.18538890610474124	0.2457390765416796	0.27254415866129533	0.29632785869228384
0.18439990714230442	0.25032887100518453	0.2731563878356419	0.29211483401686916
0.18415100226191405	0.2513064503548865	0.27033772716636767	0.29420482021683175
0.18065313054890758	0.25314598934609744	0.2677372037365861	0.29846367636840887
0.18566374403937855	0.2496538994000923	0.27411167512690354	0.2905706814336256
0.18109992254066615	0.25003872966692486	0.2781564678543765	0.2907048799380325
0.19192307692307692	0.24646153846153845	0.27515384615384614	0.28646153846153843
0.17551462621885158	0.254295000773874	0.27000464324407986	0.3001857297631946
0.1887215140981074	0.2500579374275782	0.27106991116261103	0.2901506373117034
0.1833837561089132	0.24660615933597083	0.2712745326196571	0.29873555193545887
0.1870131873216627	0.2537209840364001	0.2740803578314182	0.28518547081051904
0.17636533374824956	0.24669363622218765	0.2804574451532597	0.2964835848763031
0.1865450576863112	0.25615840349236046	0.26652634861241037	0.290770190208918
0.18374696625694825	0.24755343302278243	0.279495811477335	0.28920378924293433
0.18408113091579595	0.24884757221880763	0.27404732636754764	0.2930239704978488
0.1875291194284827	0.24902935238391055	0.2676657866128281	0.2957757415747787
0.18957055214723925	0.25	0.2705521472392638	0.2898773006134969
0.18650268545185647	0.24986378142757065	0.2719701097532498	0.2916634233673231
0.18315952105059868	0.2514484356894554	0.27477790652761686	0.2906141367323291
0.1798785235944557	0.2589939261797228	0.27114156673415357	0.289985983491668
0.18567782847420927	0.2496326656871085	0.27035805428814474	0.29433145155053747
0.18460464033522153	0.25273531465818266	0.26879801350197874	0.29386203150461704
0.18824163969795038	0.2508861149637849	0.26822314686392357	0.2926490984743412
0.19048720320690718	0.24768732654949122	0.27597903176071537	0.2858464384828862
0.18392984119459588	0.2484000948091965	0.2755787311369203	0.29209133285928734
0.18432352252322587	0.2471699586228433	0.2737918650948552	0.29471465375907563
0.17564348828275067	0.2543219362274299	0.2734537072608529	0.29658086822896657
0.185847470579245	0.25554027204646185	0.26868408986703346	0.2899281675072597
0.18459018950323638	0.2549325430866412	0.2765343523356469	0.28394291507447555
0.18755401901469318	0.2480553154710458	0.2721772609413059	0.29221340457295514
0.19475308641975309	0.2465277777777778	0.27175925925925926	0.28695987654320987
0.19021993448759944	0.24933707689907972	0.26899079706754014	0.29145219154578067
0.18162839248434237	0.24851155957627774	0.27348643006263046	0.2963736178767494
0.18478768082127858	0.25050552185409863	0.2749261160367087	0.2897806812879141
0.1826377554985622	0.2433356648791482	0.28180617082459003	0.29222040879769956
0.1847315306987135	0.24813188506278408	0.2710114783144596	0.29612510592404284
0.1833979829325058	0.2504266873545384	0.2686578743211792	0.2975174553917766
0.18254826254826254	0.2484942084942085	0.28023166023166024	0.28872586872586875
0.18258973760024916	0.24737210932025228	0.27649303122323443	0.29354512185626414
0.18298404754457304	0.25868001251172973	0.2688457929308727	0.28949014701282455
0.1841110682607019	0.25599691477053604	0.26718087157732356	0.2927111453914385
0.17942696101456082	0.2519179583529043	0.2674964772193518	0.301158603413183
0.18299345902270103	0.24940361677568296	0.2767987687572143	0.2908041554444017
0.18428459734167318	0.25215011727912434	0.2655199374511337	0.2980453479280688
0.18060821790605897	0.25752534241275243	0.267507544687766	0.2943588949934226
0.18287361695496337	0.2537011064360293	0.2716222533894343	0.291803023219573
0.18143034439962769	0.2548867514737822	0.2776140242010549	0.2860688799255352
0.1885596577404532	0.25162414831247026	0.271034701315164	0.28878149263191255
0.18226136184934738	0.24941028463594905	0.27370655763484825	0.2946217958798553
0.18468118195956454	0.25598755832037323	0.27363919129082426	0.28569206842923794
0.18159323116219667	0.2524744572158365	0.2709131545338442	0.2950191570881226
0.18563013486281196	0.2546116881103705	0.26980313129747324	0.2899550457293443
0.18549271502428324	0.24377252075826414	0.27181576061413126	0.2989190036033213
0.1811881959043837	0.2541462275169353	0.27298917698357084	0.29167639959511016
0.18330745341614907	0.24433229813664598	0.28346273291925467	0.2888975155279503
0.18027130871167568	0.25076452599388377	0.27177918921038186	0.29718497608405864
0.18847473487211477	0.25062383031815344	0.27253587024329384	0.2883655645664379
0.17600870714452305	0.2549172043846692	0.2720982663453316	0.2969758221254762
0.18515371543333847	0.24857098717750656	0.27568360883670634	0.29059168855244866
0.18162245290272971	0.25413302575932334	0.2639753940792003	0.30026912725874666
0.18216245459463637	0.24878274982610712	0.27846046835149546	0.290594327227761
0.17903625658506353	0.25635264951967773	0.26743105051131083	0.29718004338394793
0.1869747899159664	0.24735449735449735	0.26696234049175227	0.298708372237784
0.18337710489726555	0.25112003707708946	0.27545187702765334	0.29005098099799165
0.18691880909588185	0.24638587168867704	0.26803156989919513	0.298663749316246
0.18718602674086096	0.25102403586057653	0.27189118169874027	0.28989875569982226
0.18458274398868457	0.2494106553512494	0.2745560270312746	0.29145057362879145
0.18332287417634138	0.25705993096956387	0.2684342641983056	0.29118293065578915
0.18377291360507386	0.24851109907958852	0.2653724185938588	0.30234356872147883
0.18586080012526424	0.26141078838174275	0.2642292335394974	0.28849917795349567
0.19246340703830583	0.2536592961694176	0.26494861413889753	0.288928682653379
0.17624373312765138	0.2540686463555727	0.2766679521789433	0.2930196683378326
0.1841408319052812	0.2533883782520642	0.26904502258918833	0.29342576725346625
0.17574238031810702	0.2548773799263496	0.27266316696701404	0.2967170727885293
0.18268411678153798	0.2502129636800124	0.27700766669248045	0.29009525284596915
0.19000464180721027	0.2500386817267523	0.2715457218010212	0.28841095466501626
0.1806673439087286	0.2598265218410565	0.2715480190669688	0.2879581151832461
0.18481072184340466	0.2592679677090681	0.2705541186613371	0.28536719178619013
0.1809448818897638	0.2563779527559055	0.27330708661417324	0.28937007874015747
0.1870967741935484	0.2483482316362223	0.276020209871745	0.2885347842984843
0.18624055415617127	0.24905541561712846	0.2719615869017632	0.29274244332493704
0.19032970500078877	0.2509859599305884	0.27315033917021614	0.28553399589840667
0.18078125	0.25671875	0.272265625	0.290234375
0.18358020800504254	0.2470059880239521	0.27537031200756384	0.29404349196344154
0.18668641359420063	0.2511497388728662	0.27391067113570816	0.28825317639722503
0.18364173534442543	0.2507386098584979	0.2762400870782149	0.28937956771886175
0.18016336056009336	0.25492026448852584	0.2749902761571373	0.28992609879424347
0.181141827864359	0.25734200015662934	0.27065549377398385	0.2908606782050278
0.18178978603779478	0.24933624863345308	0.27034202717476186	0.2985319381539903
0.1835091832747167	0.2575224697147323	0.2699491989058226	0.2890191481047284
0.18156819610307984	0.2558139534883721	0.271370207416719	0.29124764299182904
0.18897699615294025	0.2557902174766429	0.2635628483944414	0.2916699379759755
0.18238165336639034	0.24939955063144031	0.27364995738746417	0.2945688386147052
0.1784586958195396	0.2511355762568327	0.271075525444607	0.2993302024790207
0.18667082878102076	0.24972686124551272	0.2692367722803184	0.2943655376931481
0.1798465393047291	0.2586125900407141	0.27027873473222674	0.2912621359223301
0.17892937611685183	0.25367104343096886	0.27620231528241784	0.29119726516976147
0.18266666666666667	0.24588235294117647	0.27647058823529413	0.2949803921568627
0.18733696940953284	0.2568176428740811	0.26527547229468024	0.2905699154217058
0.18410368519675202	0.24937539038101186	0.26811367895065585	0.29840724547158026
0.18316985832165655	0.24949400591623852	0.27199128133271055	0.29534485442939434
0.18359405401198536	0.25667367110280953	0.272161257685423	0.28757101719978206
0.18663323669983548	0.2535454046854188	0.27470030557079056	0.2851210530439552
0.19061099315876387	0.251238499646143	0.26610049539985847	0.2920500117952347
0.1824978358385142	0.24813095144408592	0.2772487605256945	0.29212245219170535
0.18335449063789272	0.2561091716915265	0.27165979054268485	0.2888765471278959
0.1817397442936701	0.2535885167464115	0.2782963369676053	0.28637540199231315
0.1746307558644657	0.25614090514177396	0.27707132138061763	0.2921570176131427
0.1844560404807084	0.2484977862112587	0.27024035420619863	0.2968058191018343
0.18367506041942777	0.2561783737428861	0.2696655492320886	0.29048101660559755
0.18638471818253283	0.2552472289914315	0.26979011084034277	0.288577941985693
0.17588685732145648	0.25293014533520863	0.27894983591186123	0.29223316143147365
0.1826405677298604	0.2574280589565624	0.2766123372065819	0.28331903610699527
0.19027734005672864	0.2492908919004097	0.2704065553104318	0.29002521273242987
0.17813828949440857	0.2606709718065837	0.27295637108206017	0.28823436761694754
0.18130356160075478	0.2530073118955893	0.27643682679455933	0.2892522997090966
0.1785799665311977	0.2624910351422424	0.26575822774723085	0.29317077057932905
0.187731317426569	0.25332703362469483	0.2748247893534924	0.28411685959524374
0.18325447108829898	0.2532681049001524	0.27147325366909936	0.2920041703424493
0.17491775027416576	0.25818580604731317	0.2747140842863857	0.2921823593921354
0.1874266948158574	0.24880756900461334	0.271717882555321	0.2920478536242083
