A	C	G	T
0.3048140900195695	0.29729941291585127	0.09471624266144814	0.3031702544031311
0.3055295220243674	0.2971727585129647	0.09481412058731646	0.3024835988753515
0.310859095852105	0.2954015845890943	0.09794935528973124	0.29578996426906945
0.3110396738278187	0.2942606241179238	0.09087345146620668	0.3038262505880508
0.30628995343698207	0.29981848315050114	0.0917843895509431	0.30210717386157365
0.30409943642399445	0.299081293908747	0.09472709024936309	0.30209217941789546
0.3061633281972265	0.3014637904468413	0.09214175654853621	0.300231124807396
0.3021914648212226	0.2996539792387543	0.09673202614379085	0.30142252979623224
0.3067351065484523	0.3014465702286514	0.09293824856120703	0.2988800746616892
0.30357556568074756	0.30048652405591164	0.09313460498880223	0.3028033052745386
0.30434782608695654	0.298181250487862	0.09343532901412849	0.304035594411053
0.29902912621359223	0.30299029126213595	0.09763106796116505	0.3003495145631068
0.30584983878397054	0.2943344081068632	0.09481037924151696	0.3050053738676493
0.299822132859021	0.302064805506148	0.0959709225891269	0.30214213904570414
0.3079935498733011	0.2998541042770483	0.09391077324733164	0.298241572602319
0.30286985880908535	0.30586249232658075	0.09100675260896256	0.3002608962553714
0.30328244274809163	0.29793893129770993	0.09106870229007634	0.30770992366412214
0.30905752753977966	0.2956701346389229	0.09065177478580172	0.30462056303549573
0.3089887640449438	0.2982915191626905	0.09804525165460982	0.2946744651377559
0.30508736663058605	0.29503633833307563	0.09625792484923458	0.30361837018710375
0.3004322200392927	0.2965029469548134	0.09414538310412573	0.3089194499017682
0.30598788622249484	0.30376447136395	0.09813693168749521	0.29211071072605993
0.30835249042145596	0.304904214559387	0.09065134099616859	0.2960919540229885
0.299588351882909	0.2999695075468821	0.09902424150022869	0.3014178990699802
0.3029670839128419	0.296708391284191	0.09163962293308607	0.308684901869881
0.3010701920050362	0.29666351904312244	0.09553037456720176	0.3067359143846396
0.3035074045206547	0.2980514419329696	0.09742790335151988	0.3010132501948558
0.3027529932128422	0.304735758407687	0.09868069854343019	0.29383054983604057
0.30178105327805926	0.29840319361277445	0.09657607861200676	0.30323967449715955
0.3048639482001079	0.29900562707161027	0.09419563709242272	0.30193478763585907
0.3049469691104746	0.2930246961368739	0.09684911357126268	0.30517922118138885
0.30298297672965796	0.298453849757926	0.09932843979384663	0.2992347337185694
0.2982713381694706	0.3057570612748881	0.09538509029171169	0.30058651026392963
0.30410291542970236	0.2961102230341783	0.09553170434650224	0.3042551571896171
0.3087124132613724	0.29699306090979183	0.09622205088666153	0.29807247494217426
0.30261315912272513	0.29926893762638046	0.09651578783636647	0.3016021154145279
0.3023561220548474	0.29756662804171496	0.09949787562765547	0.30057937427578213
0.3028872203730939	0.29801068194132674	0.09544082359315736	0.303661274092422
0.2982374044610825	0.30049914209951645	0.09335517080018718	0.3079082826392138
0.29416809605488853	0.3011071261500078	0.10010915328239514	0.30461562451270857
0.3024828964562995	0.29925436236451686	0.09355061880236759	0.30471212237681605
0.30575679675936746	0.3015502064345252	0.09527148087559399	0.29742151593051336
0.30535879273175237	0.3025870033877425	0.09493378503233754	0.29712041884816753
0.3049553332824311	0.2984652973963503	0.09773230510804001	0.2988470642131786
0.30886253705726324	0.2913871118739273	0.09182399750351068	0.3079263535652988
0.2983619344773791	0.30444617784711386	0.09625585023400936	0.30093603744149766
0.3056001222400489	0.29207731683092675	0.09420123768049507	0.3081213232485293
0.3050069973565542	0.30018659617477844	0.09998445031876846	0.2948219561498989
0.29639632687707385	0.30403580523188517	0.09298556987421869	0.3065822980168223
0.30613662678502507	0.2996526437668854	0.09478965650328058	0.29942107294480896
0.30385752060973714	0.2995022554051952	0.09783792191631668	0.29880230206875097
0.30284443762937974	0.30100437016023923	0.0966035421298781	0.29954765008050294
0.3025644986868531	0.3000926927236212	0.09501004171172563	0.3023327668778001
0.3063083754402082	0.30048997090797736	0.09791762364109631	0.2952840300107181
0.30577885636280905	0.29910511148187474	0.09601092067344152	0.29910511148187474
0.30622784029597655	0.30052412517342375	0.10166486819793433	0.29158316633266534
0.2993459022701039	0.3024240092343209	0.1030396306271643	0.2951904578684109
0.30583824317086233	0.2972683449384039	0.10084933812839544	0.2960440737623384
0.3021106146972731	0.2967185333538746	0.09644122631335696	0.3047296256354953
0.3002473716759431	0.29916512059369205	0.10219542362399506	0.2983920841063698
0.30464089253893234	0.29681568141318665	0.0958394669559154	0.3027039590919656
0.30167030908523257	0.29932875429285044	0.09873556041211365	0.3002653762098033
0.30839287116275416	0.2948889063358719	0.09570542513935777	0.3010127973620162
0.3042066192390968	0.29222084751005256	0.09921125889266935	0.3043612743581813
0.30533874492663127	0.2986262878551358	0.09280362160474555	0.30323134561348736
0.2950053623410449	0.30527041519840664	0.09981614830703232	0.29990807415351617
0.3007179957225787	0.3005652306752215	0.10151237396883593	0.29720439963336387
0.2991191114515511	0.2996553044810418	0.09988510149368059	0.30134048257372653
0.29794812233836626	0.30236159504452187	0.09578010065814944	0.30391018195896247
0.3016627078384798	0.29277450003831124	0.10313385947436977	0.3024289326488392
0.2993365221416448	0.3084400555469835	0.09473846628606697	0.2974849560253047
0.3008292383292383	0.2958384520884521	0.10135135135135136	0.3019809582309582
0.2981050685564628	0.3004929902942536	0.10060083192112156	0.30080110922816206
0.3017983399938518	0.3030279741776821	0.09306793728865663	0.3021057485398094
0.29934361166234164	0.300259502366051	0.10051900473210197	0.29987788123950543
0.29814385150812067	0.30788863109048725	0.09389017788089714	0.300077339520495
0.30601387818041637	0.3039321511179645	0.09892058596761757	0.2911333847340015
0.29959358944866193	0.30856529407254046	0.09822866344605476	0.2936124530327429
0.30709677419354836	0.2954838709677419	0.09920303605313092	0.29821631878557875
0.3004982752012265	0.3011115369873515	0.09681870448447681	0.30157148332694517
0.30334855403348554	0.29467275494672757	0.09794520547945205	0.3040334855403349
0.3026386645126548	0.30110008462189397	0.09608431417801369	0.3001769366874375
0.30430783381879506	0.29135367162348613	0.10194695692166181	0.30239153763605703
0.3030373111316682	0.299645390070922	0.09744064138143695	0.29987665741597286
0.30254094596663095	0.29917342721567425	0.10194397673350682	0.29634165008418795
0.3021106146972731	0.3015714065629333	0.09158835310429826	0.3047296256354953
0.2999686961965879	0.3039599311316325	0.10173736108937236	0.29433401158240724
0.30689548546691403	0.29390847247990104	0.09647495361781076	0.30272108843537415
0.30442919525888956	0.29811291328758577	0.09942295695570805	0.2980349344978166
0.2971265696017256	0.30120945997997073	0.09721901240274247	0.3044449580155612
0.3058047695728855	0.2962196150601948	0.10183268154282647	0.29614293382409324
0.3025275236470771	0.2999689874399132	0.09730190727244534	0.30020158164056443
0.30192866983009337	0.3043777743762437	0.09528547374866064	0.2984080820450023
0.3024435223605348	0.3005225142154603	0.10112186875672353	0.2959120946672814
0.29896907216494845	0.29689182951223264	0.09770733959070627	0.30643175873211265
0.29329437096278066	0.30136880959704704	0.09996924023377422	0.305367579206398
0.3079667985416182	0.29260724536498334	0.09719959661779536	0.3022263594756031
0.3048920973811535	0.2999001612779356	0.0970739574533446	0.29813378388756623
0.3021604702649057	0.300557294449958	0.09817543323917856	0.2991068020459577
0.29939151197720093	0.29993067857968114	0.10251867827158592	0.298159131171532
0.2965764939630139	0.30398899587345257	0.09743237047226043	0.3020021396912731
0.29866156787762904	0.2937667304015296	0.09996175908221798	0.30760994263862335
0.30005404988031814	0.30275654389622425	0.10107327619488843	0.29611613002856924
0.302740991684632	0.3054357868801971	0.09655066214967663	0.2952725592854943
0.29470122279473965	0.30439129431669615	0.10097669768514958	0.2999307852034146
0.28892090695381817	0.30401152650337454	0.10517934329263669	0.3018882232501706
0.29957550030321406	0.30359308671922375	0.09937841115827774	0.2974530018192844
0.3013110480717626	0.30514452196580544	0.09928697385570805	0.29425745610672394
0.30217876664870275	0.3010239433366695	0.0967741935483871	0.30002309646624065
0.3042187024063357	0.2953091684434968	0.10089856838257691	0.2995735607675906
0.29996948428440645	0.30065608788526094	0.0978028684772658	0.30157155935306684
0.30743474621413897	0.29731375085609923	0.0991553154250057	0.2960961875047561
0.2957410824108241	0.3076568265682657	0.1014760147601476	0.2951260762607626
0.3047808764940239	0.29811523138216367	0.09990806006742262	0.29719583205638983
0.29697715560341514	0.3008999307745558	0.10260749173140528	0.2995154218906238
0.2965170278637771	0.301702786377709	0.09791021671826626	0.30386996904024766
0.29189729397293973	0.3045049200492005	0.10162976629766297	0.3019680196801968
0.3033863165169316	0.2954772325884973	0.10189664439837211	0.299239806496199
0.29878048780487804	0.2992435937017598	0.09925903056498919	0.302716887928373
0.29316010699273976	0.295987772258311	0.10278945357279327	0.3080626671761559
0.2978511891106523	0.2981570696642961	0.09964059034946854	0.30435115087558307
0.29879407020508486	0.30009985405945155	0.10046854597127275	0.3006375297641908
0.2996625249271361	0.3021168890934192	0.09940174873446847	0.2988188372449762
0.30661062285059226	0.3011845624761177	0.10256018341612533	0.2896446312571647
0.291526973483694	0.3015848826577263	0.10096007314843036	0.3059280707101493
0.29817073170731706	0.30289634146341465	0.10015243902439025	0.29878048780487804
0.29708588957055215	0.30552147239263805	0.09700920245398773	0.3003834355828221
0.2998330044026112	0.30560194322149686	0.10050098679216639	0.2940640655837255
0.30508221225710014	0.29887892376681613	0.10149476831091181	0.2945440956651719
0.2982308340353833	0.308646702917975	0.09826146894386154	0.2948609941027801
0.29522145407581857	0.30676897363822836	0.09785003418673555	0.3001595380992175
0.2992285222080743	0.2942101715227324	0.10358774623623698	0.30297356003295633
0.3084951270048346	0.29667715447778376	0.09830404420228686	0.2965236743150948
0.30010693553315	0.3045371219065078	0.09708218759547815	0.298273754964864
0.29718783432676144	0.30070304141830967	0.1020174232003668	0.3000917010545621
0.2995058912960851	0.30520714557202583	0.10216647662485746	0.29312048650703154
0.29761180407666565	0.29677517493154854	0.10465470033465166	0.3009583206571342
0.3012279355333845	0.3031465848042978	0.09646968534151958	0.29915579432079814
0.29994720567161925	0.3061316841390753	0.09555773436910778	0.2983633758201976
0.3029438269750676	0.3028687293481526	0.10168218684289576	0.29250525683388406
0.2938164029656807	0.30818619582664525	0.10471604372085913	0.29328135748681494
0.29909138694901255	0.30487347000075093	0.09634302019974468	0.29969212285049185
0.29482496194824964	0.30639269406392694	0.10220700152207002	0.2965753424657534
0.30321754200889156	0.29884711024037375	0.1021776806570718	0.29575766709366286
0.3002086392087165	0.30329959044896065	0.10277412873811916	0.2937176416042037
0.30249464340373433	0.3012702785430058	0.10361187633914906	0.2926232017141108
0.28972034419176396	0.3040872771972956	0.10041487400122925	0.30577750460971115
0.29552799699361143	0.3131153701615934	0.09432544156332207	0.29703119128147315
0.29123125851885506	0.3122822959260942	0.10222626079054975	0.294260184764501
0.29779051353593244	0.3054822411582837	0.09938918633587211	0.2973380589699118
0.2922856496493477	0.305708468441294	0.10134982278862831	0.30065605912072996
0.2968584805920556	0.30237124301465035	0.10202386346473342	0.29874641292856063
0.3016220294228593	0.2992832893247831	0.10426254243681629	0.2948321388155413
0.29911682677409357	0.30244809420514407	0.09838859621939883	0.3000464828013635
0.299841233839873	0.29681711650412035	0.10009828381341196	0.3032433658425947
0.297704613957802	0.3046603292371899	0.09761187108741015	0.30002318571759795
0.29437656522729	0.30409046065113454	0.10336191849434621	0.2981710556272293
0.28712126907751295	0.3067438538455755	0.10284940981881062	0.3032854672581009
0.2958140943153433	0.3064113238967527	0.1015820149875104	0.29619256680039363
0.29515317786922723	0.30315500685871055	0.10577655845145557	0.2959152568206066
0.2961892446946071	0.2990035749600669	0.10633604624629193	0.298471134099034
0.2955811646187896	0.30306036785468976	0.10226665649087995	0.2990918110356407
0.2924278026226029	0.30501023269915867	0.107557037823088	0.29500492685515045
0.30141167493323157	0.30545593285005723	0.10057230064860741	0.29256009156810375
0.2942427464681756	0.30639526051952	0.10238493088257633	0.2969770621297281
0.29725621342251274	0.29596412556053814	0.105039142661701	0.3017405183552482
0.29729315236561615	0.3019707077678092	0.10474656851468446	0.2959895713518902
0.300130158487099	0.2993645203276931	0.10320802388791057	0.2972972972972973
0.29513380118763016	0.3040795866430169	0.1047273849001311	0.29605922726922185
0.30233269598470364	0.30806883365200766	0.10240917782026769	0.28718929254302106
0.29969395562356543	0.30420811017597554	0.10206579954093344	0.29403213465952566
0.2979330556840969	0.30063242326083606	0.10342434058306339	0.2980101804720037
0.3001151631477927	0.30326295585412666	0.10502879078694817	0.29159309021113244
0.30613641548171244	0.2992928294426279	0.10105695384381416	0.2935138012318455
0.3012658227848101	0.29911775987725353	0.10395090141925585	0.29566551591868045
0.2953184957789716	0.30399079048349964	0.10498848810437451	0.29570222563315424
0.2954441216939306	0.3027824491667941	0.1056413392447638	0.29613208989451156
0.29941993588765076	0.2994962601129599	0.10570905205312166	0.2953747519462677
0.2924795348481371	0.309616708744549	0.10052788616020197	0.29737587024711193
0.2942639632170046	0.3097912112760986	0.10507273686590789	0.2908720886409889
0.30063665975718096	0.3043381699733491	0.10778797749481789	0.28723719277465204
0.2944024205748865	0.3132375189107413	0.10196671709531013	0.29039334341906203
0.29494614747307374	0.3072983354673495	0.10333659712284401	0.2944189199367327
0.2903421132303966	0.3024523160762943	0.1074780502573418	0.2997275204359673
0.29706601466992666	0.3002750611246944	0.10169621026894865	0.3009627139364303
0.3012646793134598	0.3030713640469738	0.10320686540198735	0.29245709123757907
0.3002523128679563	0.3021637739888371	0.10253077452404619	0.2950531386191605
0.2974587808198457	0.3032824081076993	0.10051429435788836	0.29874451671456664
0.2973218338629142	0.3051142381600847	0.10205779996973824	0.29550612800726284
0.29449327623769816	0.3025317406656149	0.1075050709939148	0.2954699121027721
0.2919159380273048	0.3077159073477527	0.10745513115508513	0.2929130234698573
0.2961146737080347	0.3051678611844587	0.1041116559788759	0.2946058091286307
0.2967124114009953	0.3127733373548484	0.10209621474890665	0.2884180364952496
0.29182559270062075	0.30865305511928803	0.1042554782738763	0.29526587390621495
0.2991983058538799	0.30003025260928756	0.10883376191196491	0.29193767962486766
0.2955570849583238	0.30167469603119984	0.10705819377533074	0.29571002523514567
0.2915469529714199	0.30697111749584155	0.10842280356872826	0.2930591259640103
0.29312305709303205	0.30434452953218594	0.10758965804837364	0.29494275532640835
0.28953434762563396	0.3076686645151375	0.10457968341785769	0.29821730444137085
0.29117427075542257	0.30411368735976063	0.11346297681376215	0.2912490650710546
0.3030166591625394	0.29656310971034067	0.1055080294161789	0.294912201710941
0.28989037758830694	0.30915042630937883	0.10573995127892814	0.29521924482338613
0.28781844142180807	0.30728188171638987	0.10723679266551439	0.29766288419628767
0.29520517059972945	0.3056515857507891	0.10438899744476177	0.2947542462047197
0.292843122452061	0.3039408123207006	0.10214404348482561	0.3010720217424128
0.2928097678625264	0.30110039192041	0.10423575520048237	0.30185408501658123
0.3030716723549488	0.29321198331437237	0.10671217292377702	0.2970041714069018
0.30500421488236645	0.3050808491072113	0.10330293509081155	0.2866120009196107
0.2952021156025689	0.30442009822440497	0.10396675481677371	0.29641103135625235
0.29672738266193033	0.3098027359987907	0.1015040435341244	0.29196583780515456
0.30165721110779337	0.3082263362197671	0.10182143923559271	0.2882950134368468
0.2980689758809828	0.30640919678413103	0.09955669096100384	0.29596513637388233
0.2975665399239544	0.2990114068441065	0.10828897338403042	0.29513307984790876
0.2961812395817548	0.3013335353841491	0.10221245643279285	0.30027276860130325
0.2926589551674605	0.3129961442503969	0.1050880774174038	0.2892568231647388
0.290849183765164	0.30298038041036396	0.10880635015725626	0.29736408566721584
0.3050184335264465	0.3032127003235272	0.10653825897223686	0.2852306071777895
0.28702858880778587	0.31189172749391725	0.10606751824817519	0.29501216545012166
0.29223950116445047	0.3060626549470363	0.10434978589136804	0.2973480579971452
0.287348536163167	0.30473395047791074	0.10935500865507639	0.2985625047038459
0.28923868624186466	0.31186620251248676	0.10405630392008476	0.2948388073255638
0.29579769431015246	0.3039047973224247	0.10375604313871328	0.29654146522870956
0.2968022819396487	0.3058099384476805	0.10861732472601711	0.28877045488665365
0.2981066606321189	0.3082899600211209	0.10311533529456136	0.29048804405219886
0.29168234851336095	0.31637184794881446	0.10380127963869025	0.28814452389913436
0.29664151501701436	0.3032993046308626	0.10105045125018494	0.29900872910193815
0.29298548981279604	0.31117961055559734	0.10563115555221413	0.29020374407939253
0.29121125917053453	0.3028147926336278	0.10622847731696362	0.2997454708788741
0.29265910286272445	0.3109174242993463	0.10661958073484108	0.28980389210308816
0.2983433734939759	0.29623493975903614	0.10820783132530121	0.29721385542168677
0.30047451400581665	0.2980254094596663	0.10225011480177561	0.2992499617327415
0.2937995124923827	0.30575868372943327	0.10664229128580134	0.2937995124923827
0.2936936936936937	0.3090840840840841	0.10533033033033033	0.2918918918918919
0.29498173141451045	0.2989337111326523	0.1057340988740586	0.3003504585787786
0.2963412782753909	0.30916957643843934	0.10300592075299833	0.2914832245331714
0.2941529685506267	0.3047361705321624	0.10598213615552053	0.29512872476169033
0.29383992805755393	0.311076139088729	0.10529076738609112	0.2897931654676259
0.2927693583653774	0.30144009650908543	0.10698936892105858	0.2988011762044786
0.2942729947936316	0.3040066400060364	0.10495736814306195	0.29676299705727005
0.28852978932266105	0.3071811523068791	0.10692441289737975	0.2973646454730801
0.29450056116722784	0.30789375233819677	0.10654695099139544	0.29105873550317996
0.2991030708422013	0.3065521435086652	0.10907570690179386	0.28526907874733964
0.29248745412328664	0.30042693431203654	0.10321324245374879	0.303872369110928
0.2957490338713344	0.30658482988558006	0.10600894142608168	0.29165719481700386
0.29399319984888556	0.3069890442009822	0.10721571590479788	0.29180204004533433
0.2904027098231088	0.302822732404968	0.112382386149793	0.2943921716221302
0.29498191681735986	0.29995479204339964	0.11045810729355034	0.2946051838456902
0.295973967004692	0.30959588315423037	0.1068563644619343	0.28757378537914335
0.2885635317845671	0.30858295361171284	0.10846343467543139	0.29439007992828864
0.2940468126740423	0.3078196733649432	0.10927974712124633	0.2888537668397682
0.29022105657549646	0.3057324840764331	0.1162233046084676	0.28782315473960285
0.28883422778771617	0.30851222420989866	0.11367024448419798	0.28898330351818724
0.29545454545454547	0.3035022354694486	0.11005961251862892	0.29098360655737704
0.2935061021545879	0.3063884285068555	0.11014012354979659	0.28996534578876
0.29414390951707714	0.3042637100974775	0.11436862861820075	0.2872237517672446
0.28806182936895025	0.31147294965108424	0.10895175208223906	0.29151346889772645
0.2876538604998135	0.30861618798955615	0.10816859380828049	0.29556135770234987
0.29244712990936556	0.30702416918429004	0.10498489425981873	0.2955438066465257
0.2898431048720066	0.3064334509421215	0.11373020043540275	0.2899932437504692
0.2899536552548961	0.3116310360293018	0.11100313948273284	0.2874121692330692
0.2887783880065311	0.3020632328929791	0.11332937509277126	0.29582900400771855
0.28841786525359575	0.31302043906131716	0.10719152157456473	0.29137017411052235
0.29772862232779096	0.3032957244655582	0.10703681710213776	0.29193883610451304
0.2958924570575056	0.3068707991038088	0.11262135922330097	0.2846153846153846
0.28599221789883267	0.3081412750673451	0.10805148159233763	0.2978150254414846
0.2946247844666017	0.30564510083214635	0.11282704850438563	0.28690306619686634
0.2913535261519775	0.30942078493889014	0.10764442420101723	0.2915812647081151
0.29645615629259425	0.2996365288505225	0.11048008480993488	0.2934272300469484
0.28755461805032395	0.3097031791472051	0.11029079403344885	0.29245140876902215
0.29453860640301316	0.30500941619585686	0.10817325800376648	0.29227871939736344
0.2924422516259251	0.3082155939298796	0.11041339612768185	0.28892875831651343
0.30025483435766753	0.299805126667666	0.11122770199370409	0.2887123369809624
0.2895112245664089	0.3063293040018019	0.11059388843006232	0.29356558300172686
0.2931806113934613	0.30637942805127816	0.11006599408328908	0.2903739664719715
0.2897590361445783	0.3108433734939759	0.10941265060240964	0.28998493975903616
0.29129715917631144	0.3056515857507891	0.11573726138584098	0.28731399368705846
0.29350026238848487	0.30676962291026316	0.11237723967313891	0.2873528750281131
0.29704742022069786	0.30308678795108857	0.10878317924246943	0.2910826125857441
0.29347498493068114	0.3036467751657625	0.10804701627486438	0.29483122362869196
0.29600361255362384	0.30006773538044706	0.11642959283510199	0.28749905923082714
0.29289896411950156	0.3058099384476805	0.11049391983185708	0.2907971776009608
0.2917664670658683	0.3096556886227545	0.10778443113772455	0.2907934131736527
0.29026036644165865	0.3030932423410726	0.11764705882352941	0.2889993323937393
0.29112879015310716	0.3100420294205944	0.10574902431702192	0.2930801561092765
0.2932981927710843	0.30941265060240963	0.11521084337349398	0.282078313253012
0.2826412831659421	0.3075251086793584	0.111302653275371	0.29853095487932846
0.2891620785881288	0.31834980013575687	0.11026472584659476	0.2822233954295196
0.2931878895814782	0.3079548827545266	0.11049272781240724	0.288364499851588
0.29427220178665264	0.3048569927182644	0.112754297725396	0.28811650776968695
0.29227071283707656	0.30699316457597836	0.11402388642680088	0.28671223616014424
0.2917009653520916	0.306368330464716	0.1141959140911472	0.2877347900920452
0.2921872647900045	0.3087460484720759	0.1148577449947313	0.28420894174318834
0.2875	0.31137724550898205	0.11070359281437125	0.2904191616766467
0.2893976439208713	0.3038452989553234	0.11232125657553531	0.29443580054827
0.2901960784313726	0.30822021116138765	0.1138763197586727	0.2877073906485671
0.2979712283290299	0.3039468830689782	0.11073404647731465	0.28734784212467723
0.29641571685662865	0.3039142171565687	0.11037792441511697	0.28929214157168565
0.28373493975903613	0.3109186746987952	0.11385542168674699	0.29149096385542167
0.2937916573054744	0.30539953568486483	0.1094885044559275	0.29132030255373326
0.293179276928811	0.3067461796496459	0.10920611256056653	0.2908684308609765
0.29953779633219024	0.30341434322349786	0.11458178022961085	0.28246608021470104
0.29550079131810986	0.3036400633054488	0.11093526264224884	0.2899238827341925
0.295933622365077	0.3084915532964569	0.10898490058304679	0.28658992375541936
0.2895480225988701	0.3033006244424621	0.11537317870948557	0.2917781742491823
0.2845007451564829	0.31236959761549926	0.11125186289120716	0.2918777943368107
0.29289043426795885	0.3060590367685137	0.11289487312273433	0.28815565584079306
0.2859072489869428	0.3127720246135374	0.11421281704937716	0.2871079093501426
0.285873440285205	0.3057040998217469	0.11705288175876412	0.291369578134284
0.2916356045922171	0.3055017146265096	0.11443268227225287	0.2884299985090204
0.2942230183609494	0.30877742946708464	0.11516644275264964	0.28183310941931633
0.2898637520586914	0.30498577631381946	0.11581075011229226	0.2893397215151969
0.29056546946766054	0.3083352157217077	0.11166327836759281	0.28943603644303895
0.2888573985680191	0.31085918854415273	0.10948687350835322	0.2907965393794749
0.2923731978785389	0.3132143123926197	0.10965862403824606	0.28475386569059535
0.28689686031769707	0.31076142889104336	0.11305839361622791	0.2892833171750317
0.2919472913616398	0.30629575402635434	0.11522693997071742	0.2865300146412884
0.2818576129225247	0.3129673945557882	0.11262339216272808	0.292551600358959
0.2812756128455406	0.31465613590641534	0.11198867446539006	0.29207957678265406
0.28888560011839576	0.3108628089388782	0.11380790291549504	0.286443688027231
0.2900694911454831	0.3156990211462303	0.11268026600911604	0.2815512216991706
0.2866616989567809	0.3091654247391952	0.11520119225037258	0.28897168405365126
0.28721658711217185	0.31175417661097854	0.11418556085918855	0.2868436754176611
0.2896843041351712	0.3105824811027123	0.11634800652141693	0.28338520824069957
0.28894806924101196	0.3122503328894807	0.11192484095280367	0.28687675691670367
0.2925881649731022	0.31059473998804543	0.11461446503287508	0.2822026300059773
0.2869798258021291	0.31028065212536293	0.11315417256011315	0.28958534951239484
0.2873469989677039	0.3116059578233299	0.11900899572334464	0.2820380474856216
0.28301746562616126	0.3085841694537347	0.12062430323299889	0.2877740616871052
0.2912571132953958	0.3150543197102949	0.1141822481708669	0.27950631882344246
0.28128246994211076	0.30673890455692443	0.11318094107169363	0.2987976844292712
0.28626865671641794	0.3047761194029851	0.11977611940298508	0.2891791044776119
0.2797494780793319	0.3133760811213838	0.11899791231732777	0.28787652848195644
0.2839542823215081	0.30770372569392906	0.11518480035624165	0.2931571916283212
0.28991911324146197	0.3091671659676453	0.1164619532654284	0.28445176752546436
0.2906602856501907	0.30090480819561805	0.11254019292604502	0.29589471322814626
0.2868327937965821	0.30392230670782205	0.12015357976360762	0.28909131973198826
0.28952055811191924	0.3058483004304587	0.11525901736678047	0.2893721240908416
0.2844464166851564	0.31380815028474224	0.11367502403668368	0.2880704089934176
0.28327619615441946	0.3097331942167238	0.11559099716798331	0.2913996124608735
0.28956154017360336	0.31144743675346837	0.11647748349284072	0.28251353958008757
0.28751962910341733	0.30658790099454125	0.1123158603155612	0.29357660958648024
0.2860239162929746	0.3109118086696562	0.11629297458893871	0.28677130044843047
0.2777572578857945	0.3132156312329172	0.1264681982714043	0.282558912609884
0.27799314149396154	0.31549127776949454	0.11674370061130163	0.2897718801252423
0.2807069878439854	0.3180699530166306	0.11857707509881422	0.2826459840405698
0.29059264155100245	0.3040317250495704	0.11529705515164868	0.2900785782477785
0.2815828402366864	0.31309171597633134	0.12041420118343195	0.2849112426035503
0.2924842650870048	0.306108848574602	0.11603109959274342	0.2853757867456498
0.28413422016291756	0.31664300127045814	0.11493909274344219	0.28428368582318214
0.2828468494963606	0.3100507315638556	0.11844717300198515	0.2886552459377987
0.28399643705463185	0.31146080760095013	0.11379156769596199	0.29075118764845603
0.27744016805461774	0.3170530422387276	0.1176382324255383	0.2878685572811164
0.28096921490646637	0.30991309471203415	0.11658565326263072	0.29253203711886877
0.2914910918902935	0.30960301618984254	0.11554668440895986	0.2833592075109041
0.2865704772475028	0.3076581576026637	0.1172031076581576	0.2885682574916759
0.28883655898152916	0.3073073809699021	0.11671204650820517	0.2871440135403635
0.28147435422988676	0.3118199985197247	0.12108652209310931	0.2856191251572793
0.28417558096643303	0.30770933234968645	0.11862781261527111	0.28948727406860936
0.28543587437223594	0.30852259950528443	0.11873172925567799	0.2873097968668016
0.2830764648946467	0.31375176829722284	0.11562802471893381	0.28754374208919664
0.290160790677091	0.3118454049269804	0.11786399173919457	0.28012981265673403
0.282943143812709	0.30746934225195094	0.12010405053883315	0.2894834633965069
0.2822325307414771	0.31301082394521756	0.11795891318754141	0.2867977321257639
0.2830520909757887	0.3111518708730741	0.12002934702861336	0.28576669112252384
0.2789913502419	0.3124908371206568	0.11941064360064507	0.2891071690367981
0.28045179388749447	0.3113834342241252	0.1184851616713421	0.28967961021703825
0.28081227303046025	0.3140146742755503	0.11902467946342549	0.286148373230564
0.2863021751910641	0.31033215755437976	0.12139917695473251	0.2819664902998236
0.2846488961086908	0.31329838292845014	0.11637008048438308	0.28568264047847597
0.288020641356432	0.3102100995208257	0.11323258385551051	0.28853667526723187
0.28432813878271096	0.31211408409291386	0.11893560717436048	0.2846221699500147
0.2831006612784717	0.31168258633357826	0.11866274797942689	0.28655400440852313
0.2850578120367625	0.3135191224429291	0.12096056922620813	0.2804624962941002
0.2853171409759309	0.3068256639110396	0.11954056624478747	0.288316628868242
0.28058086982292363	0.31066162851003926	0.12039712528710084	0.2883603763799363
0.2839023670820736	0.3091954870584765	0.11695302706290096	0.28994911879654894
0.28251087998819796	0.313196134838091	0.11381574094563694	0.2904772442280741
0.2809580305502002	0.3078748331603144	0.1190123090612487	0.2921548272282367
0.28588200763134725	0.31618726152039917	0.11593777516877019	0.2819929556794834
0.2807863772564496	0.31352773514580135	0.11956442300665059	0.28612146459109844
0.2825831989444363	0.31241753408591116	0.11860431021844305	0.2863949567512095
0.28319172515700036	0.3152567417805689	0.12042851865533802	0.2811230144070927
0.2850997552473485	0.3082400059333976	0.12163465104205295	0.28502558777720094
0.28158737249646343	0.3098056734420371	0.12076539349266623	0.2878415605688333
0.2879339826035239	0.3091219983644339	0.11991673481525537	0.28302728421678686
0.27907838198251594	0.31441695065935693	0.11690620832715957	0.28959845903096754
0.2817362221899084	0.31496291987785374	0.11843827250254471	0.28486258542969317
0.27914674512688487	0.31592497241632955	0.1210003677822729	0.28392791467451267
0.2832611617142004	0.31379722263700166	0.1188591906823951	0.28408242496640285
0.28725925925925927	0.31592592592592594	0.11748148148148148	0.2793333333333333
0.28052708638360174	0.3145680819912152	0.11844802342606149	0.2864568081991215
0.2858187134502924	0.31337719298245614	0.11403508771929824	0.28676900584795323
0.28090714969442604	0.3161770120020617	0.11847433915028348	0.28444149915322875
0.2828059305156008	0.31555653905731357	0.12001180202109611	0.28162572840598954
0.28330165228834625	0.31181459277672174	0.11975435005117707	0.28512940488375493
0.2827044486859492	0.3199970635736309	0.1171634121274409	0.280135075612979
0.27965305384893385	0.31384170581857607	0.12273220093964582	0.28377303939284426
0.2795214533638579	0.3194003397090318	0.11527952145336386	0.28579868547374637
0.28919274641708104	0.3125914009944428	0.1168470312957005	0.2813688212927757
0.2862369210507061	0.30730957781517526	0.12226531060218043	0.2841881905319382
0.28021287604405354	0.31391824968586	0.11915145243550891	0.2867174218345776
0.2849824355971897	0.31176814988290397	0.12177985948477751	0.2814695550351288
0.28543933673847066	0.30646235842771485	0.11814345991561181	0.28995484491820267
0.288801132553461	0.3156247671559496	0.12115341628790702	0.2744206840026824
0.28182018025939765	0.3179453359712757	0.1200996556019638	0.2801348281673628
0.2833612710443845	0.3066831863566795	0.12477224692077837	0.2851832956781576
0.28202641199731404	0.31037827352085356	0.12564351264642246	0.28195180183540997
0.27842003853564545	0.3119164072921298	0.1252408477842004	0.2844227063880243
0.2828230791875184	0.31196644097733295	0.12069473064468648	0.2845157491904622
0.27841161653578306	0.31189805897169953	0.12112905615646763	0.2885612683360498
0.28065415077735406	0.31116163097682603	0.11960985626283367	0.2885743619829862
0.28607946245983057	0.31040023371311715	0.1196319018404908	0.2838884019865615
0.2761509324009324	0.31002331002331	0.12281468531468531	0.29101107226107226
0.27584427075652557	0.31271198938209704	0.1287420734404955	0.2827016664208819
0.29031311872112636	0.3058590599105375	0.12070103395174892	0.2831267874165872
0.28173925947911255	0.31601988573124584	0.12703123840617347	0.27520961638346814
0.2742832065535401	0.3188999414862493	0.12324458747805735	0.2835722644821533
0.27791545189504374	0.3114431486880466	0.12142857142857143	0.2892128279883382
0.2842624640989764	0.3087119817365049	0.12025922380145813	0.2867663303630606
0.27857565886881847	0.31884809002072845	0.12059520284275985	0.2819810482676932
0.2779119994143056	0.31956951460575445	0.12101910828025478	0.2814993776996852
0.2799562682215743	0.31486880466472306	0.12295918367346939	0.28221574344023326
0.28083351741403434	0.3149252632354024	0.12480671526397173	0.27943450408659154
0.2823920265780731	0.3134736064968623	0.11797711332595054	0.2861572535991141
0.27381999413661684	0.3184549985341542	0.12833479917912635	0.2793902081501026
0.28274806935742386	0.31516829374908933	0.1228325805041527	0.2792510563893341
0.2835581480131243	0.3084214363835217	0.12067079839591688	0.2873496172074371
0.2847457627118644	0.3135593220338983	0.1232129697862933	0.27848194546794397
0.2776838856638989	0.3100889117495775	0.1216106988022632	0.2906165037842604
0.28442520724818426	0.3110556819015479	0.12464235932800234	0.27987675152226543
0.28327695249301366	0.31232534196205325	0.12259155758199736	0.28180614796293574
0.268560550593059	0.31519988285254064	0.12432274125054912	0.2919168253038512
0.27939472922096725	0.3218216044019693	0.12083695337387779	0.27794671300318563
0.2768446741314958	0.3108670686190066	0.12553832902670112	0.28674992822279644
0.28523440923031984	0.3115963195560099	0.12363078720607565	0.27953848400759457
0.2787520093526231	0.3157240976180038	0.12465293000146135	0.28087096302791176
0.28027606247729747	0.3126770795495823	0.12451870686523792	0.2825281511078823
0.28134578893592177	0.31104948182747044	0.12253685593344037	0.2850678733031674
0.2831483644859813	0.31213492990654207	0.12558411214953272	0.27913259345794394
0.28843636363636366	0.308	0.12196363636363636	0.2816
0.2741056970410717	0.31664949212424554	0.12321507434123362	0.28602973649344915
0.27896119054566676	0.3216370002918004	0.12248322147651007	0.2769185876860228
0.2800840397015142	0.31746721727160765	0.12250959936245744	0.2799391436644208
0.27760159303783466	0.31506748285271774	0.12478796371413821	0.2825429603953094
0.27339117859725237	0.32190889370932757	0.12537960954446856	0.27932031814895153
0.2788824383164006	0.3148766328011611	0.12902757619738753	0.2772133526850508
0.2837375282208142	0.31403393780496686	0.12205957322846114	0.28016896074575776
0.28057817888326364	0.31366938146599166	0.1281091789566366	0.27764326069410816
0.27467904547762384	0.314716762167259	0.1293972582867919	0.28120693406832525
0.2769344141488578	0.3126013264554164	0.12453942520265292	0.28592483419307296
0.27791980132934047	0.3101307428237528	0.12811335914104155	0.2838360967058652
0.2815649081209247	0.30846176644931833	0.1247036158861885	0.28526970954356845
0.2693432792160304	0.31541611818048854	0.12936960655258153	0.2858709960508995
0.2801050941468399	0.31542840461246535	0.1258940300686031	0.27857247117209166
0.281786941580756	0.3147620092125466	0.12144476127805805	0.2820062879286393
0.283943457774556	0.3127220007249003	0.12772743747734686	0.2756071040231968
0.2775224337929525	0.31589698694097906	0.126577661049099	0.28000291821696943
0.2795738159527111	0.3219003137998978	0.12413340144493906	0.274392468802452
0.28101320632171467	0.31745688099877317	0.1251353106733059	0.27639460200620625
0.27702161729383507	0.3058446757405925	0.12999490501492103	0.28713880195065145
0.2760256971820704	0.3126003796174624	0.13235508833406337	0.27901883486640383
0.2671277757553695	0.32020385875500545	0.12486348744084456	0.28780487804878047
0.2793053545586107	0.3149782923299566	0.12185238784370478	0.28386396526772795
0.2776430828006759	0.31342296671809566	0.12739695834251707	0.28153699213871136
0.2797420663671932	0.31278075641211417	0.12686567164179105	0.28061150557890163
0.283350417337824	0.31417484258310147	0.12373700395372675	0.2787377361253478
0.27516435354273194	0.31037253469685905	0.12863403944485025	0.2858290723155588
0.275159422414425	0.3156930293923624	0.1267316572601334	0.2824158909330792
0.2741228070175439	0.31410818713450295	0.12821637426900584	0.2835526315789474
0.27722556772836104	0.3165493724152942	0.12217949648117246	0.28404556337517234
0.27573930102448596	0.31468429848143575	0.12381021579597472	0.2857661846981036
0.28321019846443574	0.30856149500217295	0.1295089091699261	0.2787193973634652
0.2845055915244261	0.3170982931135962	0.12603001765744556	0.2723660977045321
0.27146794313896144	0.3213664055700609	0.12467362924281984	0.2824920220481578
0.2834942996151332	0.31392055769370414	0.12816788904219012	0.27441725364897246
0.27736000584069503	0.318025845075564	0.12228955245674235	0.2823245966269986
0.27529189934005366	0.3145260715062731	0.1282906664732758	0.28189136268039744
0.27546481954064894	0.3134524243528983	0.13270142180094788	0.27838133430550493
0.274376088218224	0.3149303540336622	0.12964306442251886	0.2810504933255949
0.2729169664699957	0.31947042739962583	0.12419053101165635	0.28342207511872214
0.284163288940359	0.3094238563983787	0.1272437753329473	0.279169079328315
0.2787821122740247	0.312376491253751	0.12647295615896947	0.28236844031325475
0.2816738816738817	0.3077200577200577	0.1318181818181818	0.2787878787878788
0.27240926978574553	0.3155516688529369	0.12877131613467424	0.28326774522664333
0.27398055434624874	0.31425047162966185	0.12632419097373385	0.28544478305035553
0.2737467018469657	0.3168425681618294	0.12892113749633538	0.28048959249486954
0.27802919708029195	0.31547445255474454	0.1291970802919708	0.2772992700729927
0.2742099898063201	0.3129459734964322	0.12982379496140964	0.28302024173583806
0.27578215527230593	0.320973348783314	0.12376882966396292	0.27947566628041715
0.27959642883065977	0.31712274079988384	0.1289830877549539	0.2742977426145024
0.2729660707770887	0.316089018606348	0.13163079168186792	0.2793141189346954
0.2760276464168789	0.3114587122590033	0.13379410694798108	0.2787195343761368
0.274713231533572	0.31796595309417697	0.13114634324541535	0.27617447212683566
0.27676429973108513	0.31034232138963586	0.12886110909223053	0.2840322697870485
0.28118454315637414	0.3085590465872156	0.1262549656915854	0.28400144456482485
0.27545567674401583	0.31820510943561964	0.13198155332698924	0.2743576604933753
0.27602818521714123	0.32182916307161347	0.1325136612021858	0.26962899050905953
0.2748361069087242	0.3115769757222102	0.1339240688711188	0.2796628484979468
0.2667883211678832	0.32452554744525547	0.1291240875912409	0.27956204379562044
0.2787948680986017	0.3149776560472827	0.1331267118350872	0.2731007640190284
0.27849571656744593	0.3129083781036736	0.127631770001452	0.2809641353274285
0.2731505055648505	0.315341529060886	0.13210154942896632	0.27940641594529714
0.27415275670207384	0.3114386877664571	0.13693185923838427	0.27747669629308475
0.27588457076566125	0.3167053364269142	0.1297128770301624	0.2776972157772622
0.2803677428695526	0.3178659331113363	0.12233965542203562	0.27942666859707543
0.28145050825463197	0.3196597217215774	0.12414389733977363	0.274745872684017
0.2778343023255814	0.3103924418604651	0.1252906976744186	0.2864825581395349
0.2735315445975344	0.3208121827411167	0.1337200870195794	0.2719361856417694
0.2775700934579439	0.3162473040977714	0.13069734004313444	0.27548526240115023
0.27750445632798576	0.32014260249554366	0.12976827094474153	0.27258467023172905
0.26835077589317935	0.31959581378563695	0.13330927463009742	0.27874413569108625
0.27628449953159906	0.3141168840527492	0.1321611299272177	0.2774374864884341
0.27333092746300974	0.32356549981955973	0.1330205701912667	0.27008300252616385
