A	C	G	T
0.32460072849537686	0.19052956010086858	0.2733258615858784	0.21154384981787616
0.3117724959921935	0.19307172231128458	0.28054645570502545	0.21460932599149649
0.31192918364479416	0.19488548545735562	0.27602922579738653	0.21715610510046368
0.31703404017857145	0.1923828125	0.27622767857142855	0.21435546875
0.3089180877830584	0.20128599384959464	0.274811294380766	0.21498462398658094
0.3176345609065156	0.1970254957507082	0.2730169971671388	0.2123229461756374
0.3102128843745652	0.19820509252817586	0.274523445109225	0.21705857798803396
0.31171503583339244	0.19640956503228554	0.27297239764422054	0.21890300149010147
0.3135952515545506	0.197215941209723	0.27112775579423404	0.21806105144149238
0.3153657682884144	0.1927896394819741	0.27427371368568426	0.2175708785439272
0.3107890499194847	0.19736749982496674	0.2785829307568438	0.21326051949870475
0.3201101150561163	0.201454083433331	0.27161713842027246	0.20681866309028024
0.3095056506968037	0.20557442973029189	0.27414546210913127	0.21077445746377313
0.30854755328942707	0.19963175412506196	0.2714396997379789	0.22038099284753204
0.31075583470130613	0.2011276853900507	0.27335664834772677	0.21475983156091644
0.31109545614653045	0.20486086650228955	0.27826699542092287	0.20577668193025714
0.3109012754562751	0.19759002184483124	0.2770770206468889	0.2144316820520048
0.31504210075638645	0.20208363065505922	0.27565291851006135	0.20722135007849293
0.3106329642782536	0.19448506371422603	0.28069075969639995	0.2141912123111204
0.3174625600452105	0.19518225487425828	0.27726758971460863	0.21008759536592259
0.31706801858893113	0.20060554851429377	0.26989156456837066	0.21243486832840444
0.3170471516961809	0.19721214707346563	0.27195789773131357	0.2137828034990399
0.31113460183227626	0.19943622269203665	0.273784355179704	0.2156448202959831
0.3162948319683705	0.1929539678057046	0.2766167749223383	0.21413442530358656
0.31215741391426566	0.19648629655657063	0.2768798313422347	0.21447645818692904
0.3159042927515834	0.19437016185784659	0.27698803659394794	0.2127375087966221
0.31237149946827364	0.20269408011343495	0.271534916696207	0.21339950372208435
0.31363088057901084	0.1998864684595189	0.2761654722202512	0.21031717874121905
0.3139197509022716	0.19779208831646733	0.27705045644328075	0.21123770433798034
0.3155659375663623	0.1996177532384795	0.2709704820556381	0.21384582713952008
0.313277428371768	0.19727463312368973	0.2728860936408106	0.21656184486373165
0.31778880226789513	0.19865343727852586	0.2763997165131113	0.20715804394046775
0.3095354523227384	0.20174641983932937	0.2765630457561998	0.21215508208173245
0.3142146410803127	0.20497512437810944	0.26652452025586354	0.21428571428571427
0.31112978917139456	0.19689010296280732	0.27799957974364364	0.2139805281221545
0.3123184812637246	0.20138839696819438	0.2742084012183892	0.21208472054969185
0.31025695476746656	0.20216606498194944	0.27443901748425004	0.21313796276633398
0.31814633453977714	0.19381165282804627	0.28024980483996875	0.2077922077922078
0.3093515070610553	0.1957422890465819	0.2795615822384599	0.2153446216539029
0.31776757329565525	0.19886965736488874	0.27022253620628756	0.2131402331331685
0.3157256914741945	0.19396920444824636	0.28542914171656686	0.20487596236099231
0.31815626756604837	0.19421023046655425	0.27157110736368745	0.21606239460370996
0.3157122905027933	0.19944134078212292	0.2803072625698324	0.2045391061452514
0.3157268784105219	0.19154890163705052	0.27836854624317897	0.21435567370924863
0.3188294988531313	0.19920761798846182	0.26711614652116494	0.21484673663724196
0.30899735780837156	0.19767765262133222	0.28048950076484497	0.21283548880545125
0.31545156227707233	0.19410757597374803	0.2783563989156798	0.2120844628334998
0.30928486209558564	0.19783844480314408	0.2758088286897326	0.21706786441153766
0.30820603907637656	0.19438721136767317	0.2787211367673179	0.21868561278863233
0.31510268111808326	0.1932401597261837	0.2765259555048488	0.2151312036508842
0.31317829457364343	0.20049330514446795	0.2796335447498238	0.20669485553206485
0.3155804552868591	0.1965108857527835	0.27579604283384157	0.21211261612651586
0.31396742579144044	0.1963618416414017	0.27363745328914896	0.2160332792780089
0.31546303557424965	0.20161117844157697	0.2736864618236259	0.20923932416054752
0.31449840482098546	0.1978021978021978	0.27472527472527475	0.212974122651542
0.31032784578584494	0.200295483326298	0.2662867595328549	0.2230899113550021
0.3144848954298993	0.19984508133230056	0.27216393211745654	0.21350609112034363
0.3116846284741917	0.19809982983550767	0.2804878048780488	0.20972773681225185
0.3110874955720864	0.19872476089266738	0.277506199078994	0.2126815444562522
0.3159123055162659	0.19618104667609618	0.27454031117397454	0.21336633663366336
0.3186033441056625	0.19530701138119994	0.2751861739496979	0.21090347056343964
0.31098591549295773	0.19669014084507042	0.2764084507042254	0.21591549295774648
0.3153906084000283	0.1960478787449536	0.2734612932927261	0.21510021956229194
0.31023499433748586	0.1989665911664779	0.27456115515288787	0.21623725934314836
0.3163452062508799	0.19759256652118823	0.2738983528086724	0.21216387441925946
0.31283573649985863	0.19981622844218264	0.2757986994628216	0.2115493355951371
0.3152646199871786	0.1959541277868794	0.2741648265545979	0.21461642567134412
0.3156446263495872	0.19278808834944605	0.27676240208877284	0.2148048832121939
0.3097883785122797	0.20121735437752142	0.2786467549012669	0.210347512208932
0.31442898509781764	0.19683593474115404	0.2770675895190338	0.2116674906419945
0.3121937362403238	0.1933811519068248	0.27448334635324195	0.2199417654996094
0.31325817040102755	0.1973026973026973	0.2699443413729128	0.21949479092336235
0.3087205146533238	0.20200142959256612	0.2749106504646176	0.2143674052894925
0.30937544257187366	0.20004248689987253	0.2826086956521739	0.20797337487607986
0.31732687375320606	0.19278996865203762	0.274294670846395	0.21558848674836137
0.31122412940594757	0.19509783146146784	0.27816627816627815	0.21551176096630642
0.31215803311305335	0.2023733390179777	0.272010232359838	0.21345839550913095
0.31585623678646935	0.19901338971106414	0.2754756871035941	0.20965468639887244
0.3122232375061503	0.1999015955577423	0.27546214943417446	0.21241301750193295
0.3154390637045343	0.20267713224472633	0.267152568505151	0.21473123554558834
0.3157672849915683	0.20011242270938728	0.2766301292861158	0.2074901630129286
0.31013508734705425	0.19817525991937196	0.2753377183676356	0.2163519343659382
0.3131148701252743	0.2028452119753698	0.2722768773444688	0.21176304055488712
0.31515495354939366	0.19814197574640097	0.2811148145521594	0.20558825615204596
0.3181432810512929	0.1950685318637841	0.2708774904620602	0.2159106966228628
0.31432370023091455	0.18704079490588482	0.27954656776992515	0.21908893709327548
0.30960729312762975	0.19810659186535765	0.28197755960729315	0.2103085553997195
0.3139980144660332	0.19288044249042688	0.2791093461920295	0.21401219685151043
0.3119025702754372	0.19747928910288182	0.2720385187283155	0.21857962189336544
0.31440677966101693	0.1987994350282486	0.2725988700564972	0.21419491525423728
0.315443824588659	0.19504272297154157	0.27540427935880235	0.2141091730809971
0.30801095274871865	0.19995787404338974	0.27992698167520885	0.21210419153268273
0.30404689596722934	0.19662405537114203	0.2837771029027474	0.21555194575888129
0.31606697541859635	0.1932312076950481	0.27281795511221946	0.2178838617741361
0.30602901817157346	0.1989012536977039	0.27982814480912804	0.2152415833215946
0.3138847332051008	0.19868917859941582	0.27712474175393603	0.21030134644154733
0.31135012737050666	0.20004245683555053	0.2746957260118879	0.2139116897820549
0.3095728803922962	0.19991471821476797	0.27283064458816003	0.21768175680477578
0.31149742067698394	0.19602854921913646	0.2770828916684333	0.21539113843544624
0.31041534447500174	0.19998589662224103	0.27663775474226077	0.21296100416049643
0.31795457791744036	0.19847164690758462	0.2773889444365091	0.20618483073846594
0.3112493813193806	0.20568479106271653	0.2733507742346037	0.20971505338329915
0.3083339223863717	0.19912348907895666	0.28154379020286985	0.2109987983318018
0.31055240793201133	0.19341359773371106	0.28109065155807367	0.21494334277620397
0.31124982266988227	0.19839693573556533	0.2751454106965527	0.21520783089799972
0.30716965107226274	0.19874017977209993	0.27786821431099157	0.21622195484464576
0.31031240960370265	0.19532831935203934	0.2761064506797802	0.21825282036447788
0.30612244897959184	0.19889070610822726	0.28031003342103394	0.21467681149114698
0.30885559541394103	0.19898712808609412	0.2755855665752268	0.21657170992473798
0.31013930776963955	0.19747235387045814	0.28105701565417207	0.2113313227057303
0.31116491028197096	0.19880375961264596	0.2734263742523498	0.21660495585303333
0.31275282094954227	0.20218579234972678	0.2775530480448513	0.20750833865587964
0.3213196168854204	0.19297623270663355	0.2800993260021284	0.20560482440581768
0.31262383243702235	0.19933484290970846	0.27773846589300877	0.2103028587602604
0.31341592920353983	0.19369911504424778	0.280070796460177	0.2128141592920354
0.3049645390070922	0.1973049645390071	0.2834042553191489	0.21432624113475177
0.3169347888537776	0.19419706980752657	0.277578282102844	0.21128985923585178
0.3190135811293781	0.2015010721944246	0.27462473195139386	0.20486061472480344
0.31436181397630897	0.20291581972383824	0.27398892549239506	0.20873344080745776
0.30730086931938655	0.19669234574881617	0.27881829104530353	0.21718849388649375
0.31620553359683795	0.1979877829680201	0.27524254401724757	0.21056413941789437
0.3181721723137865	0.19572752351984155	0.27877201669378227	0.20732828747258966
0.3133460911474945	0.19420228223119995	0.2780494719682472	0.21440215465305834
0.3114986530554374	0.1967247979583156	0.27775414717141644	0.21402240181483057
0.30684295660735633	0.20226457556790212	0.2801884802025459	0.21070398762219567
0.3114211737629459	0.19713751438434982	0.2756041426927503	0.21583716915995396
0.3112639724849527	0.20098882201203783	0.2778733161364288	0.2098738893665807
0.31498097767568733	0.19689900222525303	0.2774388055415979	0.21068121455746178
0.31632506808083705	0.19693277913143184	0.27662319048301565	0.2101189623047155
0.30642897248736667	0.20094048287478944	0.27807411566535656	0.21455642897248736
0.3038622279867416	0.20456838161118318	0.2793630206081568	0.21220636979391844
0.31236131987688787	0.20198983608904159	0.27456874955264476	0.2110800944814258
0.31029120723777215	0.19769578739044388	0.27438507209499574	0.21762793327678823
0.31236688910975435	0.19835297458469403	0.2753088172653699	0.21397131904018174
0.3142188829033173	0.20073717039977318	0.2774312446838673	0.20761270201304224
0.30779636881452477	0.20042719829120684	0.2722677109291563	0.21950872196511215
0.3126335279874662	0.20111095285571856	0.27517447657028915	0.21108104258652613
0.3183183183183183	0.2009152009152009	0.2724152724152724	0.20835120835120835
0.30581867388362655	0.2063243358735133	0.2779004344419913	0.2099565558008689
0.3084185680566483	0.19683856662613547	0.28224018310564336	0.21250268221157284
0.3109558096851617	0.20266836086404066	0.2782719186785261	0.20810391077227164
0.3159859306582442	0.19661187280166534	0.2735625583231642	0.21383963821692628
0.30943531093638316	0.19921372408863475	0.276554681915654	0.2147962830593281
0.31449525452976707	0.1952113891285591	0.2733678458441185	0.21692551049755537
0.31348586045189714	0.19859315049026574	0.2809435839135995	0.2069774051442376
0.3160232075066256	0.19790845927942124	0.2789198481484134	0.2071484850655397
0.31288430277758145	0.19725775673192453	0.27535514877376494	0.2145027917167291
0.31602628195972005	0.19275817740322812	0.27431795457791747	0.21689758605913442
0.3138286526839673	0.2040526128688233	0.2737291148240313	0.2083896196231781
0.311227416117006	0.1974476627473473	0.27975336965873243	0.21157155147691425
0.30880991382380174	0.1997008760059825	0.2792536144149277	0.21223559575528808
0.30749335440764425	0.20432502334937855	0.2764566420001437	0.21172498024283354
0.319634703196347	0.19199826049141117	0.27716170181923605	0.21120533449300571
0.31210370579117935	0.19698464139777372	0.28399323657883613	0.2069184162322108
0.311978312049654	0.19604765641720767	0.2795890704144967	0.21238496111864166
0.31083976006855185	0.1980862610682662	0.2804912882033705	0.21058269065981147
0.3080531665363565	0.20179117208046057	0.27955078541474165	0.21060487596844124
0.3175033921302578	0.19552952938656	0.2806541455402414	0.20631293294294079
0.31807177442324125	0.19339219595556822	0.2792651666191968	0.20927086300199374
0.3184803333097945	0.1995621778123014	0.2773109243697479	0.20464656450815621
0.31477804566728124	0.1976315416253014	0.27974755353850517	0.2078428591689122
0.3133848133848134	0.19798369798369797	0.2824967824967825	0.20613470613470614
0.31250893495353826	0.20307362401715512	0.27955682630450324	0.20486061472480344
0.307839659453707	0.20276693863072012	0.2824405817665839	0.206952820148989
0.3115296147211041	0.2000431282346176	0.27443933294997125	0.21398792409430709
0.3085273532352521	0.1981859734323668	0.2804599342951007	0.2128267390372804
0.3163886303429512	0.19488795016825375	0.28051836471683256	0.2082050547719625
0.31371990312010256	0.19133779740703805	0.28600940304886735	0.20893289642399202
0.3143501550606146	0.19692698054694108	0.2769241612630392	0.21179870312940513
0.31895687061183553	0.19716291732339877	0.27066915030806704	0.21321106175669866
0.3093646661507071	0.1952437908956589	0.280939984521213	0.21445155843242103
0.31134751773049646	0.19453900709219857	0.28929078014184395	0.204822695035461
0.30998933522929256	0.2004265908282972	0.2820476359758265	0.20753643796658372
0.31428775743707094	0.19887013729977115	0.2795337528604119	0.207308352402746
0.3093286219081272	0.2004946996466431	0.28035335689045937	0.20982332155477032
0.3159163417227933	0.19943282523927686	0.2763559021623538	0.20829493087557605
0.3092156446707688	0.19796308084022915	0.2782374991159205	0.21458377537308154
0.3193283315469811	0.19292604501607716	0.27609860664523045	0.21164701679171133
0.3114059853190288	0.2003811405985319	0.28077357425183513	0.2074392998306042
0.3068832283915283	0.20170291929021178	0.2820549513451631	0.20935890097309673
0.30890732059141723	0.2001442481067436	0.2815723043635052	0.20937612693833393
0.3104428805004621	0.19691476505296082	0.2847088931541907	0.20793346129238643
0.30976937401518406	0.1929522990975505	0.2854891849305257	0.21178914195673973
0.3174762862891636	0.19732681805116412	0.27536648462201785	0.20983041103765449
0.30991055456171734	0.19992844364937387	0.2787119856887299	0.21144901610017888
0.3100626245374324	0.19819242812411045	0.28558212354113294	0.20616282379732423
0.3061282525238163	0.2009810891511446	0.28444476041518557	0.20844589790985354
0.31431839302308956	0.2006576595896776	0.27085567231396096	0.21416827507327185
0.30742783468232937	0.20664708831745576	0.2746221617362653	0.21130291526394956
0.31443150783383644	0.197498921949116	0.2794307891332471	0.2086387810838005
0.31231786196602457	0.1962470680218921	0.27947970715758047	0.2119553628545028
0.3076260232658337	0.20300157977883096	0.28227775384173487	0.20709464311360046
0.31815574358238924	0.20084612075146996	0.27312491036856446	0.20787322529757638
0.2988267277149807	0.2004578623551295	0.2814422664186579	0.21927314351123195
0.3082794213854765	0.19691793268881297	0.2821836156138693	0.21261903031184123
0.31005366726296957	0.20150268336314847	0.2807871198568873	0.20765652951699462
0.3104309360730594	0.19941495433789955	0.2796090182648402	0.2105450913242009
0.3174512465176084	0.19237088363454533	0.2771626544753197	0.2130152153725266
0.3114382785956965	0.19832955832389582	0.28135617214043035	0.20887599093997736
0.31235549132947976	0.20065028901734103	0.2789739884393064	0.20802023121387284
0.3026602703881378	0.20322721325774096	0.28201773513592093	0.21209478121820033
0.3073006310958118	0.20833333333333334	0.2762478485370052	0.20811818703384968
0.30090530248598935	0.20268716769650813	0.2859606265267998	0.21044690329070267
0.30874535789703633	0.19675234835796984	0.28267676399912617	0.21182552974586763
0.3139961181798577	0.197038315002516	0.27604054345481993	0.21292502336280641
0.3125134611242731	0.19979898054418838	0.28056572618278414	0.2071218321487544
0.31209823040808954	0.19783315276273022	0.27793427230046946	0.21213434452871072
0.3083738210917405	0.1977707916547585	0.2789368390968848	0.21491854815661618
0.30872722095671984	0.20116742596810933	0.282246583143508	0.20785876993166286
0.31341991341991343	0.20137085137085137	0.2745310245310245	0.2106782106782107
0.306020306020306	0.19877019877019877	0.28914628914628915	0.20606320606320605
0.3110999063602968	0.19765180436505078	0.27818194914643807	0.21306634012821438
0.31651245551601426	0.20106761565836298	0.27295373665480427	0.2094661921708185
0.30767053495612795	0.19933484290970846	0.28339937729974524	0.20959524483441835
0.31036220926045943	0.19802693166270613	0.2819903506876935	0.20962050838914092
0.3096414000429461	0.19848257104001146	0.28172643332617564	0.2101495955908668
0.3169288497618704	0.19959590128445664	0.27637465723769666	0.20710059171597633
0.3066928857363579	0.20493012149729617	0.2802865369759112	0.20809045579043473
0.3114388489208633	0.19683453237410073	0.2845323741007194	0.20719424460431654
0.3150032474561593	0.19795049433499315	0.2778379158548026	0.2092083423540449
0.31026833631484796	0.20250447227191412	0.2774955277280859	0.20973166368515206
0.3121065200086837	0.2052970547796512	0.2747666256603227	0.20782979955134234
0.30228408279800145	0.20249821556031405	0.28051391862955033	0.2147037830121342
0.3092454063475924	0.20030503304524658	0.2780158326675866	0.2124337279395744
0.31058605182382754	0.20144193018773646	0.2788207580840888	0.20915125990434721
0.3099734329001221	0.19559129747971565	0.2840525597759747	0.21038270984418755
0.307079836453626	0.19984219209525858	0.2852019223872032	0.2078760490639122
0.31083725987676697	0.19963754983689744	0.27886915549111996	0.21065603479521566
0.3146433222399074	0.1983070467370858	0.2814353928519751	0.2056142381710317
0.3129280821917808	0.1999857305936073	0.2808932648401826	0.2061929223744292
0.3174489941503781	0.19624768155228992	0.2809245256099301	0.20537879868740191
0.3155187196341812	0.2017719348385253	0.2835095741640469	0.19919977136324665
0.3160145392345521	0.2036205544864942	0.276958164065284	0.20340674221366972
0.31061896649630893	0.19974446337308346	0.28023850085178875	0.20939806927881885
0.30542579949694576	0.2007186489399928	0.2812791951131872	0.21257635644987424
0.3079349150598523	0.20385635438319832	0.2824887104867035	0.20572002007024587
0.3069029850746269	0.1948191733639495	0.28925086107921927	0.20902698048220436
0.3132053770397527	0.19890733951549133	0.27798145352598663	0.20990582991876933
0.311005815205686	0.19929643190465934	0.2831502620432192	0.2065474908464355
0.3094999283564981	0.19859578736208625	0.28256197162917324	0.20934231265224243
0.3076867347678041	0.19821777874375135	0.27892487140476707	0.21517061508367746
0.31701850780798146	0.19845286292654712	0.27877385772122615	0.20575477154424524
0.3125044229000071	0.2011888755219022	0.27613049324180877	0.21017620833628192
0.31334525939177105	0.20307692307692307	0.2794275491949911	0.20415026833631486
0.31638700464119957	0.19593002499107462	0.2759728668332738	0.211710103534452
0.3117537045029492	0.20824341821320674	0.27859300820025895	0.2014098690835851
0.3076592390914953	0.20219244823386115	0.2801461632155907	0.2100021494590528
0.31424238047089414	0.20070778564206268	0.2792864365159613	0.2057633973710819
0.30395357272397533	0.20297424737033007	0.28291621327529926	0.21015596663039535
0.30989107390891146	0.20059945902478252	0.2864244462314497	0.20308502083485636
0.3047666978215544	0.20404054928463586	0.28075346897692144	0.21043928391688835
0.30910543130990414	0.2020040662213186	0.2796979378449027	0.20919256462387453
0.30571181306793593	0.20020193278523005	0.28227318621087555	0.21181306793595847
0.3059274806397916	0.20576101903452268	0.28283997973510894	0.20547152059057683
0.3053042911932846	0.202619581735292	0.2869238005644403	0.20515232650698315
0.3098753871641576	0.20651156090182238	0.2807030180796658	0.20291003385435424
0.3053144947285376	0.19386071864017787	0.2878146740299792	0.2130101126013053
0.3132070033864111	0.19201671590172203	0.2845305857770733	0.2102456949347936
0.3104047498370864	0.20056476721453914	0.27818405618709724	0.21084642676127724
0.3088680605623648	0.20115356885364094	0.28803172314347514	0.2019466474405191
0.31299524564183834	0.19586514911396052	0.2795706670508572	0.2115689381933439
0.3079741379310345	0.19798850574712643	0.28448275862068967	0.20955459770114943
0.2984005210971991	0.20431352681479337	0.29210392994137657	0.20518202214663095
0.3092529526845881	0.20918774001883922	0.2818636330700674	0.19969567422650533
0.309578270192995	0.1995711222301644	0.2790564689063617	0.21179413867047892
0.3118279569892473	0.19333042720139496	0.28371113048532404	0.21113048532403372
0.30847554854438547	0.19668722214254983	0.28538649075003586	0.20945073856302882
0.3129506778194404	0.20262474762042113	0.275310066339775	0.20911450822036343
0.3122761781979659	0.19467125053717232	0.2864202836269875	0.20663228763787422
0.31583145985930816	0.2011748495177315	0.27630720139241427	0.20668648923054608
0.3161346112272105	0.20141240902212293	0.2780139799668516	0.20443899978381494
0.3093390804597701	0.20373563218390806	0.27729885057471265	0.2096264367816092
0.31120744794257693	0.19941724113424775	0.27986639186980317	0.20950891905337218
0.30766433973240254	0.19917102966841188	0.28294066317626526	0.2102239674229203
0.3107324147933285	0.1956490210297317	0.28730964467005077	0.20630891950688904
0.3098479362780594	0.19927588703837798	0.2832729905865315	0.20760318609703113
0.31438127090301005	0.19957830449323832	0.2784644467064127	0.20757597789733895
0.3142180434938635	0.1939280844039331	0.2862269432283069	0.2056269288738965
0.310914790538615	0.20155314904531205	0.2810629809062411	0.20646907950983187
0.3103002442177848	0.20507111047263324	0.2748886654216348	0.20973997988794713
0.3161690465887783	0.1947209000432713	0.28018173950670705	0.20892831386124333
0.3132339168647792	0.20286722858583675	0.2815359123982422	0.20236294215114184
0.3136406261271009	0.20349130779773497	0.27916035490153646	0.20370771117362765
0.3112051043085526	0.1987239228618539	0.27815614022510576	0.2119148326044878
0.303347280334728	0.20047612177175012	0.2824989179050642	0.21367767998845766
0.31723237597911225	0.1945894981143023	0.2803162170002901	0.20786190890629533
0.312022488107251	0.1963384748450339	0.28427274037768485	0.20736629667003026
0.31184124445736716	0.20433233989968744	0.27745874827360617	0.20636766736933926
0.30772000576119835	0.2056747803543137	0.2830188679245283	0.20358634595995967
0.3164666139581686	0.19974124919140374	0.27592898727808524	0.20786314957234242
0.3089500860585198	0.19836488812392428	0.28313253012048195	0.20955249569707401
0.30553956834532375	0.20050359712230215	0.2831654676258993	0.21079136690647482
0.30625947585011914	0.20005775756263086	0.285899935022742	0.20778283156450797
0.30925966209847	0.19628743383365962	0.28525850192154306	0.2091944021463273
0.3035532994923858	0.20398839738941263	0.2864394488759971	0.2060188542422045
0.310434075279154	0.1992161502625157	0.28092878799083043	0.20942098646749982
0.31342855092227084	0.19830617957367402	0.2800545467594919	0.20821072274456326
0.31217728055077454	0.19678714859437751	0.28241537578886977	0.2086201950659782
0.31309297912713474	0.20186834038826448	0.28185666326083786	0.20318201722376295
0.31071042192571224	0.2029570861882438	0.2804183195095564	0.20591417237648757
0.30355991691139605	0.1984098560275052	0.2870854523314949	0.2109447747296039
0.30701128087962304	0.19477366842781665	0.28573468513494216	0.21248036555761815
0.30336018578997026	0.20400609623339866	0.28311198200159665	0.20952173597503448
0.2986740091297732	0.20382580972393305	0.2851967248750091	0.2123034562712847
0.3073246065597882	0.20135314016767172	0.2819532284159435	0.20936902485659656
0.3024573278399058	0.2005591524426133	0.28472630959387873	0.21225721012360213
0.30516020728413984	0.20049631413765417	0.2891759725567477	0.20516750602145828
0.3066715275246081	0.2000729128691214	0.2878600072912869	0.2053955523149836
0.3099905953845041	0.2009693988280402	0.283874701584316	0.2051653042031397
0.30550518604482485	0.1985928773482266	0.28991078552259375	0.20599115108435484
0.30034229116597483	0.20056805767970287	0.28490277474328163	0.2141868764110407
0.31160052333187965	0.1946503852304114	0.29204826282889956	0.20170082860880942
0.3094979352314714	0.20205752372672608	0.28638701731507643	0.20205752372672608
0.3070314755991915	0.20300317643661564	0.2845076523245741	0.20545769563961883
0.3025173611111111	0.2062355324074074	0.2849392361111111	0.20630787037037038
0.3111209832666963	0.1993928624315119	0.28276321634828966	0.20672293795350213
0.3045392220538356	0.1988886483365808	0.2849823194053547	0.2115898102042289
0.30947846469381773	0.20421916202754176	0.28193671256958686	0.20436566070905363
0.30763609791742785	0.20036536353671905	0.2826452320058458	0.2093533065400073
0.3051759232334981	0.20209363186972956	0.28489386449549287	0.20783658040127945
0.305531167690957	0.19812701199882937	0.29199590283874743	0.2043459174714662
0.3039330789550925	0.20876137364250075	0.2833137657763428	0.203991781626064
0.3069299715805582	0.20243387014501202	0.28914960285651825	0.20148655541791152
0.3031074885379521	0.195546175678626	0.2945200494869369	0.20682628629648497
0.30246327022878444	0.20064322783422264	0.2925224764271618	0.20437102550983116
0.29933269780743565	0.2060570506709687	0.2878199017379189	0.20679034978367677
0.30524759793052475	0.20303030303030303	0.2869179600886918	0.2048041389504804
0.31065776099898357	0.21097720342674603	0.2763177000145201	0.20204733555975024
0.3071771728053574	0.19558887756587567	0.2886155189983986	0.20861843063036833
0.3116996507566938	0.1997235157159488	0.27939464493597205	0.20918218859138532
0.3041139700537869	0.20162814362552697	0.28376217473469983	0.21049571158598634
0.30868261283007825	0.19888815741350305	0.28608002340721234	0.20634920634920634
0.31204890263661805	0.19443216968625718	0.28214759169244363	0.2113713359846811
0.3017923227632247	0.20433930774254408	0.28931137072781365	0.20455699876641753
0.3113526215303275	0.20516962843295639	0.2778675282714055	0.20561022176531063
0.303805726712577	0.20855382384922072	0.28727799927509967	0.20036245016310258
0.30983954868488534	0.1993552641219137	0.2902044105795296	0.20060077661367134
0.31062550414314	0.20202390555107427	0.2848867052870866	0.20246388501869914
0.31238569024800644	0.2002341063720828	0.282829760772551	0.20455044260735972
0.30666860591956946	0.20391244273143772	0.28688822631081373	0.20253072503817904
0.3019596415822831	0.2016463903256356	0.2842573031252277	0.21213666496685366
0.30568650559811433	0.20212139068945198	0.2841779611078374	0.20801414260459636
0.3034030642309959	0.19549204478491455	0.291101944608132	0.21000294637595757
0.31234759476834406	0.19677824576960024	0.28301189684474987	0.20786226261730584
0.30499708624708627	0.20097610722610723	0.2834353146853147	0.21059149184149184
0.30434139486724354	0.20582797130389763	0.28363286739146515	0.20619776643739368
0.30473264574647063	0.20437422280740253	0.28388559724965257	0.2070075341964743
0.305830990084357	0.19772088204824625	0.28969957081545067	0.20674855705194614
0.30673862310385064	0.2068990665110852	0.279463243873979	0.2068990665110852
0.3054945054945055	0.19985347985347984	0.28476190476190477	0.2098901098901099
0.30523212969786295	0.20088430361090642	0.2848931466470155	0.20899042004421517
0.3046167439805611	0.20256240335763198	0.2883440100139901	0.2044768426478168
0.3098852276934469	0.2014809329877823	0.2854498333950389	0.20318400592373195
0.3113090457764474	0.19989778783675258	0.28911440461414906	0.19967876177265095
0.3050043770061278	0.20878319229646922	0.2821709950393931	0.20404143565800992
0.3026769343601027	0.20212687935460213	0.2872753942060873	0.2079207920792079
0.3073263558515699	0.19768718436653737	0.2888823830783869	0.2061040767035058
0.31091136815737125	0.19619833492963973	0.28645104251086717	0.20643925440212185
0.31100233781414377	0.195718877849211	0.288062536528346	0.20521624780829925
0.3034909090909091	0.20152727272727272	0.28865454545454544	0.20632727272727272
0.30636858361523756	0.20039711722312104	0.2857773201941462	0.2074569789674952
0.3088887273784432	0.20757322479831383	0.2814884802674613	0.20204956755578168
0.2987041351193943	0.21134245777518929	0.2872743156668608	0.20267909143855561
0.30732895416635914	0.20710015499298842	0.2826776883902871	0.20289320245036535
0.30104289071680373	0.20255581668625147	0.28921856639247945	0.20718272620446535
0.3044414735591206	0.20098039215686275	0.29092394533571003	0.20365418894830659
0.30926239775992925	0.19880627809299242	0.28804067496868324	0.2038906491783951
0.305121173942044	0.19914029496776106	0.2860001482250056	0.20973838286518937
0.31027130358061905	0.20270568340563194	0.28152341739577974	0.20549959561796927
0.30605111774557636	0.2040340784970509	0.2834777543144251	0.20643704944294763
0.3054961268904463	0.2014754703061601	0.28601991884913314	0.2070084839542604
0.30433820274457724	0.2020067876641582	0.29157444296886526	0.2020805666223993
0.3081327069876688	0.20368467410452143	0.28574574280681153	0.20243687610099823
0.30843462246777165	0.2058195211786372	0.27845303867403315	0.207292817679558
0.30077895355673134	0.20164609053497942	0.29203409758965315	0.20554085831863608
0.3097331942167238	0.20308540766135041	0.28200924131763305	0.20517215680429274
0.3082602339181287	0.197953216374269	0.2909356725146199	0.20285087719298245
0.30576587070471756	0.20311589982527664	0.2908415841584158	0.20027664531158998
0.30820497630331756	0.20268068720379148	0.2876925355450237	0.2014218009478673
0.3146329040238667	0.19959251982827622	0.2819617259695845	0.20381285017827258
0.3135393671817513	0.20073583517292126	0.28130978660779987	0.2044150110375276
0.3086537055985967	0.1995322321298056	0.2885543049261804	0.20325975734541735
0.31244968162189857	0.19959013393837371	0.284125009148796	0.2038351752909317
0.30926182321649787	0.20010201850907236	0.2882022881294178	0.20243387014501202
0.3053412680919844	0.20476085519065462	0.2873411211520094	0.20255675556535155
0.3134984610874982	0.20709365381796863	0.2779569104499487	0.2014509746445845
0.3093217211602332	0.19647206435899328	0.2874750904125766	0.2067311240681969
0.30912802566345876	0.2001312335958005	0.28361038203557887	0.20713035870516186
0.306255972947144	0.20010291847386605	0.28192310519738295	0.211718003381607
0.30581558192673397	0.19967568364413651	0.2922532615906243	0.2022554728385052
0.3061568944008219	0.2103911352462024	0.28414177735378293	0.19931019299919278
0.30587803085966203	0.20191036002939017	0.2864805290227774	0.20573108008817045
0.31384885507352406	0.19964884044187578	0.28765820469675907	0.1988440997878411
0.3111418987895581	0.2044625929706869	0.2844538427883914	0.19994166545136358
0.3104912511896918	0.20367523244747054	0.28464748517461014	0.20118603118822753
0.30428457117916635	0.20600858369098712	0.28129773768822286	0.20840910744162364
0.3060093133269273	0.2015670042131717	0.28923054179909824	0.2031931406608027
0.30374898725786253	0.20380054503940487	0.28511453192899755	0.207335935773735
0.29417887145937105	0.21544866552672665	0.2842911307709464	0.2060813322429559
0.3080589572486617	0.20173058590599105	0.2928796656156046	0.19733079122974262
0.3049274508359726	0.20387419901303674	0.2901966561095971	0.20100169404139354
0.306834957189253	0.20667257159728372	0.28461765574254505	0.2018748154709182
0.30986643052173274	0.19769758689395617	0.287358866504317	0.2050771160799941
0.3013969136253931	0.20507569662839173	0.2899144298983398	0.20361295984787536
0.308340727595386	0.2039337474120083	0.28726708074534163	0.2004584442472641
0.3068930191716669	0.19727791599590225	0.28881896677886726	0.2070100980535636
0.3038884812912693	0.20110051357300074	0.2917094644167278	0.2033015407190022
0.29837933841485975	0.20609783171760526	0.29038703470731886	0.2051357951602161
0.3088903793129145	0.20157984946717342	0.29182502421939044	0.19770474700052165
0.30416666666666664	0.20124269005847953	0.2887426900584795	0.20584795321637428
0.3057320135913724	0.20512631112424287	0.28866893189540554	0.20047274338897916
0.31254147312541475	0.20047187200471872	0.2811324928113249	0.20585416205854162
0.3049911660777385	0.19942579505300354	0.296010011778563	0.19957302709069494
0.30354505169867063	0.20450516986706055	0.2844165435745938	0.20753323485967504
0.3074798447297701	0.20334428187518663	0.2839653627948641	0.20521051060017917
0.2993500328635069	0.2066019133864018	0.28963704082377856	0.20441101292631272
0.30181548721748797	0.20748425342719526	0.2901074472026677	0.20059281215264912
0.30178478856550395	0.20217729393468117	0.2899355698733615	0.20610234762645338
0.3038850848466806	0.19790116105983924	0.29212563262875857	0.20608812146472164
0.302491103202847	0.20566429418742585	0.28862692763938314	0.20321767497034401
0.30384984851843644	0.2001773442695633	0.29143574964900615	0.20453705756299417
0.30475978976978313	0.19934858242653047	0.29232363609445555	0.20356799170923087
0.3090252175195399	0.19967556407609496	0.28660964459519245	0.2046895738091727
0.306180388731164	0.2025915410933974	0.28361359831113053	0.20761447186430806
0.3069955817378498	0.20662739322533136	0.28976435935198824	0.19661266568483063
0.30909496874069664	0.20646025602857992	0.276570407859482	0.20787436737124143
0.30132961140086684	0.2048042312495409	0.2905311099684125	0.20333504738117975
0.3079085595916254	0.1984907893763409	0.2844566101945698	0.20914404083746393
0.30219860221316247	0.2047903319743739	0.29652009318578915	0.19649097262667442
0.30612093849456	0.20287173414255052	0.2855451113907187	0.20546221597217082
0.31373703185931867	0.20793171952027076	0.28754322713560443	0.19078802148480611
0.3009310167876255	0.20694963712337805	0.29037460596730447	0.20174474012169197
0.30666666666666664	0.20704119850187266	0.28486891385767793	0.20142322097378276
0.3077376565954311	0.20206337509211497	0.2896831245394252	0.20051584377302875
0.3045790251107829	0.20539143279172822	0.2895864106351551	0.20044313146233383
0.3069678463689206	0.20528290780663674	0.2841586343904054	0.20359061143403723
0.3085845153664303	0.20161052009456265	0.2898936170212766	0.1999113475177305
0.30723650099992594	0.20479964447077995	0.2849418561588031	0.20302199837049106
0.3017533519964638	0.2053189921909533	0.291660527479004	0.2012671283335789
0.30364372469635625	0.20382775119617225	0.29061464850938534	0.20191387559808613
0.3044869464038979	0.20842120573049233	0.28572467456912226	0.20136717329648754
0.31438152011922504	0.19828614008941878	0.2929210134128167	0.1944113263785395
0.30946123521681995	0.19360490582566797	0.28653818075631476	0.21039567820119726
0.3058944583272086	0.21005438777010144	0.2863442598853447	0.19770689401734529
0.30910566706021253	0.20425029515938606	0.28689492325855964	0.1997491145218418
0.3093396787626413	0.20478881618084474	0.2838340273646639	0.2020374776918501
0.3041229496083937	0.20599970444805674	0.2904536722328949	0.19942367371065464
0.2953536549274933	0.21441254809115123	0.28891683930156853	0.2013169576797869
0.3058136050344621	0.19486065328139046	0.29442613125561884	0.2048996104285286
0.2999259807549963	0.20725388601036268	0.2912657290895633	0.20155440414507772
0.30366333636088405	0.20034816833181956	0.2882228277323645	0.20776566757493187
0.30608138321657474	0.20606647786555374	0.2899090773587718	0.19794306155909971
0.30498186394255683	0.20193944777555703	0.2875120290176919	0.20556665926419423
0.30732436472346786	0.1968609865470852	0.2956651718983557	0.2001494768310912
0.3068452380952381	0.20885416666666667	0.2844494047619048	0.1998511904761905
0.30244768172742736	0.20483620498410116	0.28898912963099904	0.20372698365747247
0.3023669956221711	0.20531275506418342	0.2887141055130964	0.2036061438005491
0.31117397454031115	0.20658080845678553	0.2839276408843892	0.1983175761185141
0.3042678440029433	0.20559234731420162	0.2885945548197204	0.20154525386313465
0.3047640249332146	0.20102404274265362	0.2879934698723657	0.20621846245176612
0.3112701252236136	0.2045319022063208	0.28995229576624926	0.19424567680381633
0.3117094459649382	0.19994082402544566	0.28567201716103263	0.20267771284858346
0.30756115641215714	0.1989621942179392	0.28851000741289845	0.2049666419570052
0.3065156640682453	0.20848654213854978	0.2846742167965877	0.20032357699661715
0.30650339729709547	0.20070185918016875	0.2941835287090271	0.19861121481370866
0.30914197029044416	0.2013894021136649	0.285862094449782	0.20360653314610894
0.3016403176723818	0.20240480961923848	0.2925851703406814	0.20336970236769836
0.3074559760209816	0.20397152491569875	0.28849756463094794	0.20007493443237168
0.3106373561522573	0.20448509884921806	0.2885807022720567	0.196296842726468
0.3090355179075643	0.20121860603358596	0.28986476445237036	0.19988111160647942
0.3070964886397167	0.20441133077604012	0.2850398347595161	0.20345234582472707
0.30499103407053196	0.1994172145845786	0.29639868499701133	0.19919306634787806
0.3005452402004126	0.20977011494252873	0.2883878573533746	0.20129678750368404
0.306800561175515	0.2027615742449974	0.2878978069851584	0.20254005759432916
0.30474074074074076	0.20007407407407407	0.2937777777777778	0.2014074074074074
0.3015849612974567	0.20715075562108368	0.29015849612974565	0.20110578695171397
0.3088981785607644	0.19976112272320096	0.2880710659898477	0.20326963272618692
0.3039047973224247	0.20595016734845667	0.2862774265526218	0.20386760877649684
0.2994904840401618	0.20980068934512214	0.28915030720815227	0.20155851940656377
0.3096866310964154	0.20214924475839782	0.28466220786052454	0.20350191628466222
0.30718615998817095	0.2061215436936271	0.2885553748336537	0.19813692148454828
0.3079409388084919	0.20862410930727981	0.2861970175567472	0.19723793432748107
0.2991237189959899	0.20562899153423436	0.2902123867518194	0.20503490271795632
0.3022301782650854	0.2001193406429477	0.288655180129783	0.20899530096218394
0.30634849836455547	0.20115967885816236	0.2869461790068391	0.20554564377044307
0.3015694225426147	0.2040249305399114	0.2966884433430953	0.1977172035743786
0.304390317245527	0.20478123590437528	0.2854457976244174	0.20538264922568034
0.3006497341996456	0.20695510927347904	0.2899438865918488	0.20245126993502657
0.31187077385424494	0.19586776859504132	0.2877535687453043	0.20450788880540946
0.30504689593568557	0.2070864969480423	0.29306237903826116	0.194804228078011
0.3022875816993464	0.20491681521093286	0.29285502079619724	0.19994058229352346
0.3038989974006684	0.20393613070924618	0.29186780542146307	0.20029706646862236
0.30072708192789144	0.2057566899033056	0.2906079004572371	0.20290832771156586
0.3054471788715486	0.20903361344537816	0.28436374549819926	0.20115546218487396
0.3026580299307572	0.20326111235202143	0.2882882882882883	0.20579256942893306
0.3018812246403541	0.21099225378089265	0.2864625599409812	0.20066396163777203
0.30456363905763817	0.20647503333827233	0.29182101052007703	0.19714031708401245
0.3033440083414016	0.20183212929172561	0.2938854546808669	0.20093840768600582
0.30416388332219996	0.2059674905366288	0.2901358272099755	0.19973279893119572
0.3070539419087137	0.202640513013957	0.2861561674839683	0.204149377593361
0.31083097120692227	0.19961211397881545	0.2887513053856482	0.20080560942861406
0.30221530710528266	0.20248944209824404	0.29317626139142033	0.20211898940505296
0.2999023364134926	0.20764781008188715	0.2881827060326046	0.20426714747201563
0.303872369110928	0.2046288667515542	0.2872444011684518	0.204254362969066
0.3027834351663272	0.20336426039073696	0.2895074300369616	0.2043448744059742
0.29943586698337293	0.20301365795724466	0.29594714964370544	0.20160332541567696
0.30709945160812213	0.2009782125389062	0.2945753668297021	0.1973469690232696
0.30653492027846396	0.2093719589789655	0.2887940714125309	0.19529904933003966
0.3002614867388868	0.2097870750840493	0.28957788569293985	0.20037355248412403
0.3023954344071488	0.20229781482315837	0.3023954344071488	0.1929113163625441
0.3048183839881394	0.20578206078576725	0.28969607116382506	0.19970348406226834
